429b82	
	Name	2346e1c
	Frame  	

	LevelVolTable
	   0.000	   0.001
	   0.080	   0.517
	   0.200	   2.154
	   0.340	   4.871
	   0.500	   8.768
	   0.680	  13.940
	   0.890	  20.795
	   1.140	  29.814
	   1.470	  42.652
	   2.160	  70.363
	   2.440	  80.966
	   2.670	  88.981
	   2.870	  95.227
	   3.040	  99.842
	   3.190	 103.239
	   3.320	 105.523
	   3.430	 106.793
	   3.470	 107.015
	EndTable

End

429b82	
	Name	2346dfc
	Frame  	

	LevelVolTable
	   0.000	   0.001
	   0.080	   0.503
	   0.200	   2.123
	   0.340	   4.822
	   0.500	   8.698
	   0.680	  13.847
	   0.890	  20.677
	   1.140	  29.669
	   1.470	  42.477
	   2.160	  70.148
	   2.440	  80.745
	   2.670	  88.761
	   2.870	  95.015
	   3.040	  99.643
	   3.190	 103.060
	   3.320	 105.370
	   3.430	 106.681
	   3.470	 106.935
	EndTable

End

429b82	
	Name	2346e3c
	Frame  	

	LevelVolTable
	   0.000	   0.004
	   0.090	   0.675
	   0.210	   2.402
	   0.350	   5.195
	   0.510	   9.162
	   0.690	  14.401
	   0.900	  21.322
	   1.150	  30.408
	   1.480	  43.314
	   2.150	  70.301
	   2.430	  80.937
	   2.660	  88.979
	   2.860	  95.245
	   3.030	  99.876
	   3.180	 103.287
	   3.310	 105.584
	   3.420	 106.871
	   3.460	 107.107
	EndTable

End

429b82	
	Name	2346e5c
	Frame  	

	LevelVolTable
	   0.000	   0.000
	   0.080	   0.535
	   0.200	   2.179
	   0.340	   4.900
	   0.500	   8.802
	   0.680	  13.980
	   0.890	  20.843
	   1.140	  29.875
	   1.470	  42.732
	   2.150	  70.087
	   2.440	  81.086
	   2.670	  89.098
	   2.870	  95.336
	   3.040	  99.939
	   3.190	 103.320
	   3.320	 105.586
	   3.430	 106.837
	   3.470	 107.048
	EndTable

End

429b82	
	Name	2346e9c
	Frame  	

	LevelVolTable
	   0.000	   0.001
	   0.090	   0.656
	   0.210	   2.369
	   0.350	   5.146
	   0.510	   9.096
	   0.690	  14.315
	   0.900	  21.216
	   1.150	  30.279
	   1.480	  43.159
	   2.150	  70.113
	   2.430	  80.746
	   2.660	  88.791
	   2.860	  95.067
	   3.030	  99.713
	   3.180	 103.144
	   3.310	 105.467
	   3.420	 106.792
	   3.470	 107.091
	EndTable

End

429b82	
	Name	2346e7c
	Frame  	

	LevelVolTable
	   0.000	   0.006
	   0.090	   0.674
	   0.210	   2.388
	   0.350	   5.163
	   0.510	   9.110
	   0.690	  14.328
	   0.900	  21.230
	   1.150	  30.298
	   1.480	  43.187
	   2.150	  70.148
	   2.430	  80.770
	   2.660	  88.794
	   2.860	  95.042
	   3.030	  99.655
	   3.180	 103.049
	   3.310	 105.333
	   3.420	 106.615
	   3.470	 106.876
	EndTable

End

