	
	Name	_NO4_DBFOT(C)
	ProTank 0x41a0001
	Frame  18364120151952522341

UllageVolTable
	  17.930	 402.100
	   1.790	 402.100
	   1.770	 401.500
	   1.070	 245.300
	   0.010	   8.300
	   0.000	   5.400
	EndTable

End

	
	Name	_NO5_DBFOT(C)
	ProTank 0x41a0002
	Frame  14482322751344818004

UllageVolTable
	  17.980	 402.100
	   1.780	 402.100
	   1.760	 397.900
	   1.080	 246.200
	   0.000	   4.700
	EndTable

End

	
	Name	___________NO6_DBFOT(C)
	ProTank 0x41a0003
	Frame      0    0

UllageVolTable
	  17.970	 402.100
	   1.790	 402.100
	   1.770	 401.000
	   1.050	 240.400
	   0.010	   7.800
	   0.000	   6.300
	EndTable

End

	
	Name	___________NO7_DBFOT(C)
	ProTank 0x41a0004
	Frame      0    0

UllageVolTable
	  18.860	 403.200
	   1.780	 403.200
	   1.760	 400.500
	   0.020	  10.800
	   0.000	   6.700
	EndTable

End

	
	Name	___________NO4_DEEPFOT(P)
	ProTank 0x41a0005
	Frame  14144814742704168

UllageVolTable
	  13.540	 313.800
	  12.920	 313.800
	  12.760	 310.100
	  12.000	 292.100
	   0.020	   1.100
	   0.000	   0.800
	EndTable

End

	
	Name	___________NO4_DEEPFOT(S)
	ProTank 0x41a0006
	Frame  14144814742704168

UllageVolTable
	  13.540	 350.900
	  12.920	 350.900
	  12.900	 350.700
	  12.000	 326.800
	   0.000	   0.900
	EndTable

End

	
	Name	___________NO5_DEEPFOT(P)
	ProTank 0x41a0007
	Frame  11796657331344820303

UllageVolTable
	  13.590	 313.800
	  12.930	 313.800
	  12.910	 313.600
	  11.990	 291.800
	   0.010	   0.800
	   0.000	   0.700
	EndTable

End

	
	Name	___________NO5_DEEPFOT(S)
	ProTank 0x41a0008
	Frame  11796657331395151951

UllageVolTable
	  13.550	 350.900
	  12.930	 350.900
	  12.910	 350.500
	  12.050	 327.700
	   0.000	   0.500
	EndTable

End

	
	Name	___________NO6_DEEPFOT(P)
	ProTank 0x41a0009
	Frame  11796657331344820303

UllageVolTable
	  13.550	 313.800
	  12.910	 313.800
	  11.990	 292.000
	   0.010	   1.000
	  -0.000	   0.700
	EndTable

End

	
	Name	___________NO6_DEEPFOT(S)
	ProTank 0x41a000a
	Frame  11796657331395151951

UllageVolTable
	  13.530	 350.900
	  12.930	 350.900
	  12.910	 350.700
	  11.990	 326.300
	  -0.000	   0.700
	EndTable

End

	
	Name	___________NO7_DEEPFOT(P)
	ProTank 0x41a000b
	Frame  11796657331344820303

UllageVolTable
	  14.450	 332.300
	  13.850	 332.300
	  12.590	 301.000
	   2.550	  50.900
	   0.010	   0.700
	   0.000	   0.600
	EndTable

End

	
	Name	___________NO7_DEEPFOT(S)
	ProTank 0x41a000c
	Frame  11796657331395151951

UllageVolTable
	  14.440	 373.100
	  13.840	 373.100
	  13.740	 370.400
	   2.540	  58.500
	   0.000	   0.800
	EndTable

End

	
	Name	___________NO7_SFOT(P)
	ProTank 0x41a000d
	Frame      0    0

UllageVolTable
	  14.430	 817.400
	  13.830	 817.400
	  13.550	 814.300
	  13.250	 810.400
	  13.050	 807.400
	  12.910	 805.200
	  12.870	 803.200
	  12.010	 753.300
	   4.230	 307.600
	   3.590	 271.100
	   3.170	 247.400
	   2.770	 225.200
	   2.550	 213.300
	   2.530	 211.900
	   2.250	 185.100
	   1.990	 160.700
	   1.690	 133.200
	   1.490	 115.400
	   1.330	 101.500
	   1.110	  82.900
	   0.910	  66.700
	   0.750	  54.200
	   0.630	  45.100
	   0.450	  32.100
	   0.290	  21.000
	   0.130	  10.500
	   0.010	   3.100
	   0.000	   2.300
	EndTable

End

	
	Name	___________NO7_SFOT(S)
	ProTank 0x41a000e
	Frame  11796657331395151951

UllageVolTable
	  14.440	 817.400
	  13.830	 817.300
	  13.820	 817.100
	  13.790	 816.900
	  13.710	 816.100
	  13.700	 815.800
	  13.630	 815.200
	  13.620	 814.900
	  13.580	 814.500
	  13.440	 812.700
	  13.410	 812.500
	  13.380	 811.900
	  13.330	 811.400
	  13.320	 811.100
	  13.290	 810.900
	  13.280	 810.600
	  13.250	 810.300
	  13.240	 810.000
	  13.170	 809.200
	  13.160	 808.900
	  13.130	 808.600
	  13.120	 808.300
	  13.090	 808.000
	  13.080	 807.700
	  13.050	 807.400
	  13.040	 807.100
	  12.940	 805.500
	  12.910	 805.200
	  12.900	 804.000
	  12.860	 801.700
	  12.830	 800.600
	  12.820	 799.400
	  12.790	 798.200
	  12.780	 797.100
	  12.750	 795.900
	  12.740	 794.800
	  12.710	 793.600
	  12.700	 792.400
	  12.670	 791.300
	  12.660	 790.100
	  12.630	 789.000
	  12.620	 787.800
	  12.590	 786.600
	  12.580	 785.500
	  12.550	 784.300
	  12.540	 783.200
	  12.440	 777.400
	  12.410	 776.200
	  12.400	 775.000
	  12.360	 772.700
	  12.330	 771.600
	  12.320	 770.400
	  12.280	 768.100
	  12.250	 766.900
	  12.240	 765.800
	  12.210	 764.600
	  12.200	 763.400
	  12.170	 762.300
	  12.160	 761.100
	  12.130	 760.000
	  12.120	 758.800
	  12.090	 757.600
	  12.080	 756.500
	  12.050	 755.300
	  12.040	 754.200
	  12.020	 753.000
	  11.990	 751.900
	  11.980	 750.700
	  11.940	 748.400
	  11.910	 747.300
	  11.900	 746.100
	  11.860	 743.900
	  11.830	 742.700
	  11.820	 741.600
	  11.780	 739.300
	  11.750	 738.100
	  11.740	 737.000
	  11.710	 735.800
	  11.700	 734.700
	  11.670	 733.500
	  11.660	 732.400
	  11.630	 731.200
	  11.620	 730.100
	  11.590	 729.000
	  11.580	 727.800
	  11.550	 726.700
	  11.540	 725.500
	  11.440	 719.800
	  11.410	 718.600
	  11.400	 717.500
	  11.360	 715.200
	  11.330	 714.100
	  11.320	 712.900
	  11.280	 710.600
	  11.250	 709.500
	  11.240	 708.300
	  11.210	 707.200
	  11.200	 706.000
	  11.170	 704.900
	  11.160	 703.700
	  11.130	 702.600
	  11.120	 701.500
	  11.090	 700.300
	  11.080	 699.200
	  11.050	 698.000
	  11.040	 696.900
	  10.940	 691.100
	  10.910	 690.000
	  10.900	 688.900
	  10.860	 686.600
	  10.830	 685.400
	  10.820	 684.300
	  10.780	 682.000
	  10.750	 680.800
	  10.740	 679.700
	  10.710	 678.500
	  10.700	 677.400
	  10.670	 676.300
	  10.660	 675.100
	  10.630	 674.000
	  10.620	 672.800
	  10.590	 671.700
	  10.580	 670.500
	  10.550	 669.400
	  10.540	 668.200
	  10.440	 662.500
	  10.410	 661.400
	  10.400	 660.200
	  10.360	 657.900
	  10.330	 656.800
	  10.320	 655.600
	  10.280	 653.300
	  10.250	 652.200
	  10.230	 651.000
	  10.220	 649.900
	  10.200	 648.800
	  10.170	 647.600
	  10.160	 646.500
	  10.120	 644.200
	  10.090	 643.000
	  10.050	 640.700
	  10.040	 639.600
	  10.010	 638.400
	   9.970	 636.100
	   9.960	 635.000
	   9.930	 633.900
	   9.890	 631.600
	   9.880	 630.400
	   9.850	 629.300
	   9.810	 627.000
	   9.800	 625.800
	   9.770	 624.700
	   9.730	 622.400
	   9.720	 621.300
	   9.700	 620.100
	   9.670	 619.000
	   9.660	 617.800
	   9.620	 615.500
	   9.590	 614.400
	   9.580	 613.200
	   9.550	 612.100
	   9.540	 610.900
	   9.510	 609.800
	   9.470	 607.500
	   9.460	 606.400
	   9.430	 605.200
	   9.390	 602.900
	   9.380	 601.800
	   9.350	 600.600
	   9.310	 598.300
	   9.300	 597.200
	   9.270	 596.000
	   9.230	 593.800
	   9.220	 592.600
	   9.200	 591.500
	   9.170	 590.300
	   9.160	 589.200
	   9.120	 586.900
	   9.090	 585.700
	   9.080	 584.600
	   9.050	 583.400
	   9.040	 582.300
	   9.010	 581.100
	   8.970	 578.900
	   8.960	 577.700
	   8.930	 576.600
	   8.890	 574.300
	   8.880	 573.100
	   8.850	 572.000
	   8.810	 569.700
	   8.800	 568.500
	   8.770	 567.400
	   8.730	 565.100
	   8.720	 564.000
	   8.700	 562.800
	   8.670	 561.700
	   8.660	 560.500
	   8.620	 558.200
	   8.590	 557.100
	   8.580	 555.900
	   8.540	 553.600
	   8.510	 552.500
	   8.470	 550.200
	   8.460	 549.100
	   8.430	 547.900
	   8.390	 545.600
	   8.380	 544.500
	   8.350	 543.300
	   8.310	 541.000
	   8.300	 539.900
	   8.270	 538.800
	   8.230	 536.500
	   8.220	 535.300
	   8.200	 534.200
	   8.170	 533.000
	   8.160	 531.900
	   8.120	 529.600
	   8.090	 528.400
	   8.080	 527.300
	   8.040	 525.000
	   8.010	 523.900
	   7.710	 506.700
	   7.700	 505.500
	   7.540	 496.400
	   7.510	 495.200
	   7.210	 478.000
	   7.200	 476.900
	   7.020	 466.600
	   6.990	 465.400
	   6.710	 449.400
	   6.700	 448.200
	   6.520	 437.900
	   6.490	 436.800
	   6.430	 433.300
	   6.420	 432.200
	   6.390	 431.000
	   6.380	 429.900
	   6.350	 428.800
	   6.340	 427.600
	   6.310	 426.500
	   6.300	 425.300
	   6.270	 424.200
	   6.260	 423.000
	   6.230	 421.900
	   6.210	 420.700
	   6.200	 419.600
	   6.170	 418.400
	   6.160	 417.300
	   6.130	 416.100
	   6.120	 415.000
	   6.090	 413.900
	   6.080	 412.700
	   6.050	 411.600
	   6.040	 410.400
	   6.010	 409.300
	   6.000	 408.100
	   5.970	 407.000
	   5.960	 405.800
	   5.930	 404.700
	   5.920	 403.500
	   5.890	 402.400
	   5.880	 401.300
	   5.850	 400.100
	   5.840	 399.000
	   5.810	 397.800
	   5.800	 396.700
	   5.770	 395.500
	   5.760	 394.400
	   5.730	 393.200
	   5.710	 392.100
	   5.700	 390.900
	   5.670	 389.800
	   5.660	 388.700
	   5.630	 387.500
	   5.620	 386.400
	   5.590	 385.200
	   5.580	 384.100
	   5.550	 382.900
	   5.540	 381.800
	   5.510	 380.600
	   5.500	 379.500
	   5.470	 378.300
	   5.460	 377.200
	   5.430	 376.000
	   5.420	 374.900
	   5.390	 373.800
	   5.380	 372.600
	   5.350	 371.500
	   5.340	 370.300
	   5.310	 369.200
	   5.300	 368.000
	   5.270	 366.900
	   5.260	 365.700
	   5.230	 364.600
	   5.210	 363.400
	   5.200	 362.300
	   5.170	 361.200
	   5.160	 360.000
	   5.130	 358.900
	   5.050	 354.300
	   5.040	 353.100
	   5.010	 352.000
	   5.000	 350.800
	   4.970	 349.700
	   4.960	 348.500
	   4.930	 347.400
	   4.920	 346.300
	   4.890	 345.100
	   4.880	 344.000
	   4.850	 342.800
	   4.840	 341.700
	   4.810	 340.500
	   4.800	 339.400
	   4.770	 338.200
	   4.760	 337.100
	   4.730	 335.900
	   4.720	 334.800
	   4.690	 333.700
	   4.550	 325.600
	   4.540	 324.500
	   4.510	 323.300
	   4.500	 322.200
	   4.470	 321.000
	   4.460	 319.900
	   4.430	 318.800
	   4.420	 317.600
	   4.390	 316.500
	   4.380	 315.300
	   4.350	 314.200
	   4.340	 313.000
	   4.310	 311.900
	   4.300	 310.700
	   4.270	 309.600
	   4.260	 308.500
	   4.230	 307.300
	   4.220	 306.200
	   4.190	 305.000
	   4.050	 297.000
	   4.040	 295.900
	   4.010	 294.700
	   4.000	 293.600
	   3.970	 292.400
	   3.960	 291.300
	   3.930	 290.200
	   3.920	 289.000
	   3.890	 287.900
	   3.880	 286.700
	   3.850	 285.600
	   3.840	 284.500
	   3.810	 283.300
	   3.800	 282.200
	   3.770	 281.000
	   3.760	 279.900
	   3.730	 278.800
	   3.720	 277.600
	   3.690	 276.500
	   3.550	 268.500
	   3.540	 267.400
	   3.510	 266.300
	   3.500	 265.100
	   3.470	 264.000
	   3.460	 262.900
	   3.430	 261.700
	   3.420	 260.600
	   3.390	 259.500
	   3.380	 258.400
	   3.350	 257.200
	   3.340	 256.100
	   3.310	 255.000
	   3.300	 253.900
	   3.270	 252.700
	   3.260	 251.600
	   3.230	 250.500
	   3.220	 249.400
	   3.190	 248.200
	   3.180	 247.100
	   3.150	 246.000
	   3.050	 240.400
	   3.040	 239.300
	   3.010	 238.200
	   3.000	 237.100
	   2.970	 236.000
	   2.960	 234.900
	   2.930	 233.800
	   2.920	 232.600
	   2.890	 231.500
	   2.880	 230.400
	   2.850	 229.300
	   2.840	 228.200
	   2.810	 227.100
	   2.800	 226.000
	   2.770	 224.900
	   2.760	 223.900
	   2.730	 222.800
	   2.720	 221.700
	   2.690	 220.600
	   2.680	 219.500
	   2.650	 218.400
	   2.550	 213.000
	   2.530	 211.500
	   2.470	 205.700
	   2.460	 203.800
	   2.430	 201.800
	   2.420	 199.900
	   2.390	 198.000
	   2.380	 196.100
	   2.350	 194.200
	   2.340	 192.300
	   2.310	 190.400
	   2.300	 188.500
	   2.270	 186.600
	   2.260	 184.700
	   2.230	 182.800
	   2.220	 180.900
	   2.190	 179.000
	   2.180	 177.100
	   2.150	 175.200
	   1.970	 158.400
	   1.960	 156.500
	   1.930	 154.700
	   1.920	 152.800
	   1.890	 151.000
	   1.880	 149.200
	   1.850	 147.300
	   1.840	 145.500
	   1.810	 143.700
	   1.800	 141.800
	   1.770	 140.000
	   1.760	 138.200
	   1.730	 136.400
	   1.720	 134.600
	   1.690	 132.800
	   1.680	 131.000
	   1.650	 129.200
	   1.640	 127.400
	   1.610	 125.600
	   1.470	 113.200
	   1.460	 111.500
	   1.430	 109.700
	   1.420	 108.000
	   1.390	 106.200
	   1.380	 104.500
	   1.350	 102.800
	   1.340	 101.100
	   1.310	  99.400
	   1.300	  97.600
	   1.270	  95.900
	   1.260	  94.200
	   1.230	  92.600
	   1.220	  90.900
	   1.190	  89.200
	   1.180	  87.500
	   1.150	  85.800
	   1.140	  84.200
	   1.110	  82.500
	   0.930	  67.900
	   0.920	  66.300
	   0.890	  64.700
	   0.880	  63.100
	   0.850	  61.600
	   0.840	  60.000
	   0.810	  58.500
	   0.800	  56.900
	   0.770	  55.400
	   0.760	  53.800
	   0.730	  52.300
	   0.720	  50.800
	   0.690	  49.300
	   0.680	  47.800
	   0.650	  46.300
	   0.640	  44.800
	   0.610	  43.300
	   0.450	  31.700
	   0.390	  27.500
	   0.380	  26.100
	   0.350	  24.800
	   0.340	  23.400
	   0.310	  22.000
	   0.300	  20.700
	   0.270	  19.300
	   0.260	  18.000
	   0.230	  16.700
	   0.220	  15.400
	   0.190	  14.100
	   0.180	  12.800
	   0.150	  11.500
	   0.140	  10.200
	   0.110	   9.000
	   0.010	   2.800
	   0.000	   1.900
	EndTable

End

	
	Name	___________HFOSERVTK(P)
	ProTank 0x41a000f
	Frame  67661395810576

UllageVolTable
	  12.070	 163.600
	  10.330	 163.600
	   0.000	   0.400
	EndTable

End

	
	Name	___________HFOSETTTK(P)
	ProTank 0x41a0010
	Frame  67661395810579

UllageVolTable
	  12.080	 163.600
	  10.340	 163.600
	  10.300	 163.100
	   0.000	   0.300
	EndTable

End

	
	Name	___________LSHFOSERVTK(P)
	ProTank 0x41a0011
	Frame  12638183222707496

UllageVolTable
	  12.070	 170.800
	  10.330	 170.700
	   0.000	   0.300
	EndTable

End

