	
	Name	___________APT(C)
	ProTank 0x41a0001
	Frame   7152    0

UllageVolTable
	   0.000	  22.100
	   0.100	  24.300
	   0.200	  26.700
	   0.300	  29.500
	   0.400	  32.800
	   0.500	  36.500
	   0.600	  40.700
	   0.700	  45.600
	   0.800	  51.300
	   0.900	  57.800
	   1.000	  65.200
	   1.100	  73.500
	   1.200	  82.800
	   1.300	  93.000
	   1.400	 104.300
	   1.500	 116.500
	   1.600	 129.800
	   1.700	 143.900
	   1.800	 158.700
	   1.900	 174.200
	   2.000	 190.200
	   2.100	 207.300
	   2.200	 226.400
	   2.300	 239.200
	   2.400	 251.100
	   2.500	 263.500
	   2.600	 276.200
	   2.700	 289.300
	   2.800	 302.800
	   2.900	 316.600
	   3.000	 330.700
	   3.100	 345.100
	   3.200	 359.800
	   3.400	 389.800
	   3.600	 420.500
	   3.800	 451.800
	   4.100	 499.400
	   4.800	 612.000
	   4.900	 613.500
	   5.460	 613.500
	EndTable

End

	
	Name	___________NO1_DB&SWBT(P)
	ProTank 0x41a0002
	Frame      0    0

UllageVolTable
	   0.000	   5.000
	   0.200	   8.000
	   0.400	  11.400
	   0.600	  15.200
	   0.800	  19.400
	   1.100	  26.300
	   1.300	  31.400
	   1.500	  36.800
	   1.800	  45.600
	   1.900	  48.600
	   2.200	  58.300
	   2.500	  68.600
	   2.800	  79.500
	   3.400	 102.200
	   3.800	 118.000
	   3.900	 122.100
	   4.000	 125.200
	   4.400	 134.500
	   4.800	 144.400
	   5.300	 157.900
	   5.600	 166.500
	   5.900	 175.600
	   6.300	 188.200
	   6.500	 194.700
	   6.800	 204.800
	   7.200	 218.900
	   7.500	 229.900
	   7.900	 245.200
	   8.200	 257.100
	   8.500	 269.500
	   8.900	 286.600
	   9.100	 295.500
	   9.200	 299.200
	   9.300	 301.900
	   9.700	 313.600
	  10.000	 323.000
	  10.300	 332.800
	  10.600	 343.200
	  10.900	 354.200
	  11.200	 365.800
	  11.500	 377.900
	  11.800	 390.700
	  12.000	 399.600
	  12.300	 413.500
	  12.500	 423.100
	  12.800	 438.200
	  13.000	 448.600
	  13.300	 464.900
	  13.600	 482.000
	  13.800	 493.800
	  14.000	 505.900
	  14.300	 524.900
	  14.400	 529.300
	  14.600	 535.800
	  14.900	 546.400
	  15.100	 554.000
	  15.400	 566.200
	  15.600	 574.900
	  15.800	 584.000
	  16.000	 593.600
	  16.200	 603.600
	  16.400	 614.200
	  16.500	 619.600
	  16.700	 630.900
	  16.900	 642.700
	  17.000	 644.400
	  17.520	 644.400
	EndTable

End

	
	Name	___________NO1_DB&SWBT(S)
	ProTank 0x41a0003
	Frame     41    0

UllageVolTable
	   0.000	   5.100
	   0.200	   8.100
	   0.500	  13.400
	   0.800	  19.600
	   1.100	  26.600
	   1.300	  31.700
	   1.500	  37.100
	   1.800	  45.900
	   2.100	  55.400
	   2.400	  65.500
	   2.700	  76.300
	   2.900	  83.700
	   3.100	  91.400
	   3.300	  98.800
	   3.500	 106.500
	   3.900	 122.600
	   4.000	 125.500
	   4.400	 134.800
	   4.600	 139.700
	   5.000	 150.200
	   5.400	 161.300
	   5.900	 176.200
	   6.200	 185.600
	   6.500	 195.400
	   6.900	 209.000
	   7.300	 223.300
	   7.600	 234.500
	   8.000	 250.000
	   8.300	 262.100
	   8.600	 274.600
	   8.900	 287.600
	   9.100	 296.500
	   9.200	 299.800
	   9.300	 302.500
	   9.600	 311.300
	   9.800	 317.300
	  10.200	 330.200
	  10.600	 344.000
	  10.900	 355.000
	  11.200	 366.600
	  11.500	 378.800
	  11.700	 387.300
	  12.000	 400.600
	  12.300	 414.500
	  12.600	 429.100
	  12.900	 444.500
	  13.100	 455.100
	  13.400	 471.700
	  13.600	 483.200
	  13.900	 501.100
	  14.100	 513.500
	  14.300	 526.300
	  14.400	 529.900
	  14.700	 540.000
	  14.900	 547.200
	  15.100	 554.900
	  15.300	 562.900
	  15.500	 571.400
	  15.800	 585.000
	  16.000	 594.600
	  16.200	 604.700
	  16.400	 615.300
	  16.700	 632.100
	  16.900	 644.000
	  17.000	 644.400
	  17.500	 644.400
	EndTable

End

	
	Name	___________NO2_DBWBT(P)
	ProTank 0x41a0004
	Frame  14650670741344820290

UllageVolTable
	   0.000	   1.100
	   0.100	   5.100
	   0.200	   9.900
	   0.300	  15.400
	   0.400	  21.300
	   0.500	  27.800
	   0.600	  34.600
	   0.700	  41.900
	   0.800	  49.500
	   1.000	  65.900
	   1.200	  83.500
	   1.400	 102.100
	   1.500	 111.900
	   1.600	 122.000
	   1.700	 132.500
	   1.800	 141.600
	   1.900	 148.000
	   2.000	 154.800
	   2.100	 161.800
	   2.200	 169.100
	   2.300	 176.600
	   2.400	 184.400
	   2.500	 192.500
	   2.600	 200.800
	   2.700	 209.400
	   2.900	 227.200
	   3.000	 236.500
	   3.100	 246.000
	   3.200	 255.800
	   3.300	 265.800
	   3.400	 276.000
	   3.500	 286.400
	   3.600	 297.000
	   3.700	 307.900
	   3.900	 330.200
	   4.100	 353.400
	   4.300	 377.400
	   4.400	 384.400
	  17.920	 384.400
	EndTable

End

	
	Name	___________NO2_DBWBT(S)
	ProTank 0x41a0005
	Frame      0    0

UllageVolTable
	   0.000	   0.700
	   0.100	   4.600
	   0.200	   9.300
	   0.300	  14.700
	   0.400	  20.700
	   0.500	  27.000
	   0.600	  33.900
	   0.700	  41.100
	   0.800	  48.700
	   0.900	  56.700
	   1.000	  65.000
	   1.200	  82.500
	   1.300	  91.600
	   1.500	 110.800
	   1.600	 120.900
	   1.700	 131.300
	   1.800	 140.900
	   1.900	 147.300
	   2.000	 154.000
	   2.100	 161.000
	   2.200	 168.300
	   2.300	 175.800
	   2.400	 183.600
	   2.500	 191.600
	   2.700	 208.400
	   2.900	 226.200
	   3.000	 235.500
	   3.200	 254.700
	   3.400	 274.800
	   3.500	 285.200
	   3.700	 306.700
	   3.800	 317.700
	   3.900	 329.000
	   4.100	 352.100
	   4.300	 376.100
	   4.400	 384.400
	  17.920	 384.400
	EndTable

End

	
	Name	___________NO3_DBWBT(P)
	ProTank 0x41a0006
	Frame  14136338582707496

UllageVolTable
	   0.000	   1.900
	   0.100	  14.400
	   0.200	  28.400
	   0.300	  43.500
	   0.400	  59.500
	   0.500	  76.200
	   0.600	  93.600
	   0.700	 111.700
	   0.800	 130.300
	   0.900	 149.600
	   1.000	 169.400
	   1.100	 189.700
	   1.200	 210.300
	   1.300	 231.100
	   1.400	 252.500
	   1.500	 274.200
	   1.600	 296.500
	   1.700	 319.100
	   1.800	 339.600
	   1.900	 348.900
	   2.000	 358.500
	   2.100	 368.500
	   2.200	 378.900
	   2.300	 389.700
	   2.400	 400.800
	   2.500	 412.300
	   2.600	 424.100
	   2.700	 436.200
	   2.800	 448.700
	   2.900	 461.500
	   3.000	 474.600
	   3.100	 488.000
	   3.200	 501.700
	   3.300	 515.700
	   3.400	 530.000
	   3.500	 544.600
	   3.700	 574.600
	   3.900	 605.800
	   4.000	 621.700
	   4.200	 654.500
	   4.300	 671.200
	   4.400	 683.800
	  17.940	 683.800
	EndTable

End

	
	Name	___________NO3_DBWBT(S)
	ProTank 0x41a0007
	Frame  14136338582708264

UllageVolTable
	   0.000	   3.000
	   0.100	  15.600
	   0.200	  29.800
	   0.300	  44.900
	   0.400	  60.900
	   0.500	  77.700
	   0.600	  95.200
	   0.700	 113.300
	   0.800	 132.000
	   0.900	 151.300
	   1.000	 171.200
	   1.200	 212.100
	   1.300	 233.000
	   1.400	 254.400
	   1.500	 276.200
	   1.600	 298.500
	   1.700	 321.200
	   1.800	 340.400
	   1.900	 349.700
	   2.000	 359.400
	   2.100	 369.400
	   2.200	 379.900
	   2.300	 390.700
	   2.400	 401.800
	   2.500	 413.300
	   2.600	 425.100
	   2.700	 437.300
	   2.800	 449.800
	   2.900	 462.600
	   3.000	 475.800
	   3.100	 489.200
	   3.200	 502.900
	   3.400	 531.300
	   3.500	 545.900
	   3.600	 560.800
	   3.700	 576.000
	   3.900	 607.200
	   4.000	 623.200
	   4.100	 639.400
	   4.300	 672.700
	   4.400	 683.800
	  17.930	 683.800
	EndTable

End

	
	Name	___________NO4_DBWBT(P)
	ProTank 0x41a0008
	Frame  14136338582707496

UllageVolTable
	   0.000	  30.500
	   0.100	  46.700
	   0.200	  63.500
	   0.300	  81.000
	   0.400	  98.900
	   0.500	 117.400
	   0.600	 136.300
	   0.700	 155.700
	   0.800	 175.400
	   0.900	 195.500
	   1.000	 216.000
	   1.200	 257.600
	   1.400	 300.000
	   1.500	 321.600
	   1.600	 343.500
	   1.700	 365.700
	   1.800	 388.100
	   1.900	 407.800
	   2.100	 429.800
	   2.200	 441.100
	   2.400	 464.400
	   2.600	 488.500
	   2.700	 500.800
	   2.900	 526.100
	   3.000	 538.900
	   3.200	 565.200
	   3.400	 592.100
	   3.600	 619.600
	   3.800	 647.700
	   4.000	 676.300
	   4.100	 691.800
	   4.400	 743.100
	   4.600	 778.100
	   4.700	 795.700
	   4.800	 807.300
	  18.330	 807.300
	EndTable

End

	
	Name	___________NO4_DBWBT(S)
	ProTank 0x41a0009
	Frame  14136338582708264

UllageVolTable
	   0.000	  33.100
	   0.100	  49.200
	   0.200	  66.100
	   0.300	  83.500
	   0.400	 101.400
	   0.500	 119.800
	   0.600	 138.600
	   0.700	 157.900
	   0.800	 177.500
	   0.900	 197.500
	   1.000	 217.900
	   1.200	 259.300
	   1.300	 280.200
	   1.400	 301.400
	   1.500	 322.900
	   1.600	 344.600
	   1.700	 366.600
	   1.800	 388.900
	   1.900	 408.100
	   2.000	 418.900
	   2.200	 441.200
	   2.400	 464.300
	   2.600	 488.300
	   2.700	 500.500
	   2.900	 525.500
	   3.000	 538.300
	   3.200	 564.400
	   3.400	 591.100
	   3.700	 632.200
	   3.900	 660.400
	   4.000	 675.900
	   4.200	 709.600
	   4.300	 726.700
	   4.500	 761.400
	   4.700	 796.600
	   4.800	 807.300
	  18.330	 807.300
	EndTable

End

	
	Name	___________NO5_DBWBT(P)
	ProTank 0x41a000a
	Frame  14136338582707496

UllageVolTable
	   0.000	  10.200
	   0.100	  35.200
	   0.200	  60.900
	   0.300	  87.100
	   0.400	 113.600
	   0.500	 140.500
	   0.600	 167.700
	   0.700	 195.100
	   0.800	 222.800
	   1.000	 278.800
	   1.200	 335.500
	   1.300	 364.100
	   1.500	 420.800
	   1.700	 478.000
	   2.000	 564.500
	   2.100	 588.200
	   2.500	 656.800
	   3.000	 743.400
	   3.500	 830.600
	   4.100	 935.600
	   4.200	 954.500
	   4.900	1097.600
	   5.000	1106.800
	  18.530	1106.800
	EndTable

End

	
	Name	___________NO5_DBWBT(S)
	ProTank 0x41a000b
	Frame  14136338582708264

UllageVolTable
	   0.000	  11.300
	   0.100	  36.400
	   0.200	  62.200
	   0.300	  88.500
	   0.400	 115.100
	   0.600	 169.300
	   0.800	 224.600
	   1.000	 280.800
	   1.200	 337.700
	   1.300	 366.300
	   1.600	 451.800
	   1.700	 480.500
	   2.000	 567.300
	   2.100	 589.800
	   2.500	 658.600
	   2.900	 728.000
	   3.400	 815.300
	   4.100	 938.200
	   4.200	 955.800
	   4.900	1098.900
	   5.000	1106.800
	  18.510	1106.800
	EndTable

End

	
	Name	___________NO6_DBWBT(P)
	ProTank 0x41a000c
	Frame  14136338582707496

UllageVolTable
	   0.000	   6.300
	   0.100	  31.900
	   0.200	  58.600
	   0.300	  86.100
	   0.400	 114.100
	   0.500	 142.800
	   0.600	 171.900
	   0.700	 201.500
	   0.800	 231.500
	   0.900	 261.800
	   1.000	 292.500
	   1.300	 385.600
	   1.400	 416.900
	   1.500	 448.500
	   1.600	 480.300
	   1.700	 512.300
	   1.800	 541.700
	   2.000	 578.800
	   2.200	 616.600
	   2.500	 674.200
	   2.800	 732.800
	   3.000	 772.300
	   3.300	 832.100
	   3.700	 912.800
	   4.300	1034.800
	   4.400	1050.500
	  17.920	1050.500
	EndTable

End

	
	Name	___________NO6_DBWBT(S)
	ProTank 0x41a000d
	Frame  14136338582708264

UllageVolTable
	   0.000	   4.100
	   0.100	  29.500
	   0.200	  56.000
	   0.300	  83.300
	   0.400	 111.300
	   0.500	 139.800
	   0.600	 168.900
	   0.700	 198.300
	   0.800	 228.200
	   0.900	 258.400
	   1.000	 289.000
	   1.300	 381.800
	   1.400	 413.000
	   1.500	 444.500
	   1.600	 476.200
	   1.700	 508.100
	   1.800	 539.300
	   2.000	 576.300
	   2.200	 613.900
	   2.400	 652.100
	   2.500	 671.300
	   2.800	 729.800
	   3.000	 769.100
	   3.200	 808.900
	   3.400	 849.000
	   3.900	 950.100
	   4.300	1031.600
	   4.400	1050.500
	  17.970	1050.500
	EndTable

End

	
	Name	___________NO7_DBWBT(P)
	ProTank 0x41a000e
	Frame  14136338582707496

UllageVolTable
	   0.000	   1.600
	   0.100	  13.100
	   0.200	  26.200
	   0.300	  40.300
	   0.400	  55.300
	   0.500	  71.000
	   0.600	  87.400
	   0.700	 104.500
	   0.800	 122.200
	   0.900	 140.500
	   1.000	 159.300
	   1.100	 178.600
	   1.200	 198.100
	   1.300	 217.900
	   1.400	 238.200
	   1.500	 258.900
	   1.600	 280.100
	   1.700	 301.600
	   1.800	 321.700
	   1.900	 332.200
	   2.000	 343.100
	   2.100	 354.300
	   2.200	 365.900
	   2.300	 377.900
	   2.400	 390.300
	   2.500	 403.000
	   2.600	 416.000
	   2.700	 429.400
	   2.900	 457.200
	   3.000	 471.600
	   3.100	 486.300
	   3.200	 501.300
	   3.300	 516.600
	   3.400	 532.300
	   3.500	 548.200
	   3.600	 564.400
	   3.700	 580.900
	   3.900	 614.700
	   4.000	 632.100
	   4.100	 649.700
	   4.300	 685.700
	   4.400	 699.600
	  17.920	 699.600
	EndTable

End

	
	Name	___________NO7_DBWBT(S)
	ProTank 0x41a000f
	Frame  14136338582708264

UllageVolTable
	   0.000	   2.200
	   0.100	  13.900
	   0.200	  27.000
	   0.300	  41.200
	   0.400	  56.200
	   0.500	  72.000
	   0.600	  88.400
	   0.700	 105.600
	   0.800	 123.300
	   0.900	 141.600
	   1.000	 160.400
	   1.200	 199.300
	   1.300	 219.100
	   1.400	 239.400
	   1.500	 260.200
	   1.600	 281.300
	   1.700	 302.900
	   1.800	 322.300
	   1.900	 332.800
	   2.000	 343.700
	   2.100	 355.000
	   2.200	 366.600
	   2.400	 391.000
	   2.500	 403.800
	   2.600	 416.800
	   2.700	 430.200
	   2.800	 444.000
	   2.900	 458.100
	   3.000	 472.500
	   3.100	 487.200
	   3.200	 502.200
	   3.300	 517.600
	   3.400	 533.200
	   3.500	 549.100
	   3.700	 581.900
	   3.800	 598.700
	   3.900	 615.800
	   4.000	 633.100
	   4.200	 668.600
	   4.300	 686.800
	   4.400	 699.600
	  17.950	 699.600
	EndTable

End

	
	Name	___________NO2_SWBT(P)
	ProTank 0x41a0010
	Frame  14136338582707496

UllageVolTable
	   0.000	   2.600
	   0.200	  14.500
	   0.400	  27.200
	   0.600	  40.700
	   0.800	  54.900
	   1.000	  69.800
	   1.200	  85.500
	   1.500	 110.400
	   1.700	 127.900
	   1.800	 136.900
	   2.000	 155.400
	   2.200	 174.700
	   2.400	 194.600
	   2.500	 204.800
	   2.600	 213.600
	   2.800	 228.900
	   2.900	 236.800
	   3.000	 244.900
	   3.200	 261.600
	   3.400	 279.000
	   3.500	 287.900
	   3.700	 306.300
	   3.900	 325.300
	   4.000	 335.100
	   4.200	 355.200
	   4.400	 375.900
	   4.600	 397.400
	   4.700	 408.300
	   4.900	 430.800
	   5.100	 453.900
	   5.200	 463.300
	   5.400	 479.600
	   5.600	 496.700
	   5.700	 505.400
	   5.900	 523.500
	   6.000	 532.700
	   6.200	 551.800
	   6.400	 571.500
	   6.600	 591.900
	   6.800	 613.000
	   7.000	 634.800
	   7.200	 657.300
	   7.300	 668.800
	   7.500	 692.300
	   7.600	 704.300
	   7.700	 716.500
	   7.800	 725.300
	   7.900	 732.700
	   8.100	 748.100
	   8.300	 764.200
	   8.500	 781.000
	   8.700	 798.500
	   8.800	 807.500
	   9.000	 826.000
	   9.100	 835.500
	   9.300	 855.100
	   9.500	 875.300
	   9.600	 885.700
	   9.800	 907.000
	  10.000	 929.000
	  10.200	 951.700
	  10.300	 963.300
	  10.400	 972.300
	  10.600	 989.400
	  10.800	1007.200
	  11.000	1025.600
	  11.100	1035.100
	  11.300	1054.600
	  11.500	1074.800
	  11.600	1085.100
	  11.800	1106.300
	  12.000	1128.200
	  12.200	1150.800
	  12.400	1174.000
	  12.500	1185.800
	  12.700	1210.100
	  12.900	1234.900
	  13.000	1236.700
	  13.500	1236.700
	EndTable

End

	
	Name	___________NO2_SWBT(S)
	ProTank 0x41a0011
	Frame  14136338582708264

UllageVolTable
	   0.000	   2.700
	   0.100	   8.500
	   0.300	  20.800
	   0.500	  33.900
	   0.600	  40.700
	   0.800	  55.000
	   0.900	  62.300
	   1.100	  77.700
	   1.200	  85.600
	   1.400	 102.000
	   1.600	 119.200
	   1.700	 128.000
	   1.900	 146.200
	   2.000	 155.500
	   2.200	 174.800
	   2.400	 194.700
	   2.500	 204.900
	   2.600	 213.700
	   2.800	 229.000
	   2.900	 236.900
	   3.100	 253.300
	   3.200	 261.700
	   3.400	 279.000
	   3.600	 297.100
	   3.800	 315.800
	   3.900	 325.400
	   4.100	 345.200
	   4.200	 355.300
	   4.400	 376.000
	   4.600	 397.500
	   4.800	 419.600
	   4.900	 430.900
	   5.100	 454.000
	   5.200	 463.400
	   5.400	 479.700
	   5.600	 496.700
	   5.800	 514.400
	   5.900	 523.500
	   6.000	 532.800
	   6.200	 551.900
	   6.400	 571.600
	   6.600	 592.100
	   6.700	 602.500
	   6.900	 624.000
	   7.000	 634.900
	   7.200	 657.400
	   7.300	 668.900
	   7.500	 692.400
	   7.700	 716.600
	   7.800	 725.400
	   7.900	 732.800
	   8.100	 748.200
	   8.300	 764.300
	   8.500	 781.100
	   8.600	 789.700
	   8.800	 807.600
	   9.000	 826.100
	   9.100	 835.600
	   9.300	 855.200
	   9.500	 875.400
	   9.600	 885.800
	   9.800	 907.100
	  10.000	 929.100
	  10.200	 951.800
	  10.300	 963.400
	  10.400	 972.400
	  10.600	 989.500
	  10.800	1007.300
	  11.000	1025.700
	  11.100	1035.200
	  11.300	1054.700
	  11.500	1074.900
	  11.600	1085.200
	  11.800	1106.400
	  12.000	1128.300
	  12.100	1139.500
	  12.300	1162.400
	  12.500	1186.000
	  12.700	1210.200
	  12.900	1235.000
	  13.000	1236.700
	  13.510	1236.700
	EndTable

End

	
	Name	___________NO3_SWBT(P)
	ProTank 0x41a0012
	Frame  67661064710576

UllageVolTable
	   0.000	   3.300
	   0.200	  15.900
	   0.300	  22.500
	   0.400	  29.300
	   0.500	  36.400
	   0.700	  51.300
	   0.800	  59.100
	   1.000	  75.300
	   1.100	  83.700
	   1.300	 101.200
	   1.500	 119.500
	   1.700	 138.700
	   1.800	 148.500
	   2.000	 168.800
	   2.200	 189.800
	   2.400	 211.600
	   2.500	 222.700
	   2.600	 232.000
	   2.700	 240.400
	   2.900	 257.700
	   3.000	 266.500
	   3.200	 284.800
	   3.400	 303.700
	   3.600	 323.200
	   3.700	 333.200
	   3.900	 353.600
	   4.100	 374.700
	   4.300	 396.300
	   4.500	 418.400
	   4.700	 441.200
	   4.800	 452.700
	   5.000	 476.200
	   5.100	 488.200
	   5.200	 496.200
	   5.400	 509.300
	   5.600	 522.900
	   5.800	 537.000
	   6.000	 551.500
	   6.300	 574.000
	   6.600	 597.500
	   6.800	 613.600
	   7.000	 630.100
	   7.300	 655.600
	   7.500	 672.900
	   7.700	 690.700
	   7.800	 696.700
	   8.100	 713.000
	   8.500	 735.800
	   8.700	 747.500
	   9.000	 765.600
	   9.400	 790.500
	   9.800	 816.200
	  10.300	 849.300
	  10.500	 859.700
	  10.900	 880.600
	  11.300	 901.900
	  11.800	 929.100
	  12.300	 956.800
	  12.900	 990.400
	  13.000	 990.700
	  13.500	 990.700
	EndTable

End

	
	Name	___________NO3_SWBT(S)
	ProTank 0x41a0013
	Frame  67661064710579

UllageVolTable
	   0.000	   2.400
	   0.100	   8.500
	   0.200	  14.900
	   0.300	  21.500
	   0.400	  28.300
	   0.600	  42.600
	   0.800	  57.900
	   1.000	  74.000
	   1.100	  82.400
	   1.300	  99.900
	   1.500	 118.100
	   1.700	 137.200
	   1.900	 157.000
	   2.100	 177.600
	   2.200	 188.200
	   2.400	 209.900
	   2.500	 221.000
	   2.600	 230.800
	   2.700	 239.100
	   2.900	 256.400
	   3.100	 274.200
	   3.200	 283.400
	   3.400	 302.300
	   3.500	 311.900
	   3.700	 331.700
	   3.800	 341.800
	   4.000	 362.500
	   4.300	 394.600
	   4.500	 416.800
	   4.700	 439.400
	   4.900	 462.700
	   5.100	 486.400
	   5.200	 495.200
	   5.400	 508.300
	   5.600	 521.900
	   5.800	 535.900
	   6.000	 550.400
	   6.200	 565.300
	   6.400	 580.600
	   6.700	 604.300
	   6.900	 620.600
	   7.100	 637.200
	   7.400	 662.900
	   7.600	 680.400
	   7.700	 689.300
	   7.800	 695.900
	   8.100	 712.200
	   8.400	 729.100
	   8.700	 746.600
	   9.000	 764.700
	   9.300	 783.300
	   9.600	 802.300
	  10.000	 828.400
	  10.300	 848.300
	  10.400	 853.900
	  10.700	 869.300
	  11.300	 901.100
	  11.700	 922.800
	  12.200	 950.400
	  12.700	 978.300
	  12.900	 989.600
	  13.000	 990.700
	  13.530	 990.700
	EndTable

End

	
	Name	___________NO4_SWBT(P)
	ProTank 0x41a0014
	Frame  67661064710576

UllageVolTable
	   0.000	   2.800
	   0.200	  16.800
	   0.300	  24.000
	   0.500	  38.800
	   0.800	  61.700
	   1.100	  85.500
	   1.300	 101.800
	   1.600	 126.800
	   2.000	 161.000
	   2.300	 187.200
	   2.500	 205.000
	   2.600	 212.100
	   2.900	 227.800
	   3.300	 249.100
	   3.600	 265.400
	   4.200	 298.500
	   4.900	 337.900
	   5.800	 389.000
	  12.900	 795.000
	  13.000	 796.100
	  13.530	 796.100
	EndTable

End

	
	Name	___________NO4_SWBT(S)
	ProTank 0x41a0015
	Frame  67661064710579

UllageVolTable
	   0.000	   2.300
	   0.200	  16.300
	   0.400	  30.800
	   0.600	  45.800
	   0.900	  69.000
	   1.200	  93.100
	   1.500	 117.800
	   1.800	 143.200
	   2.100	 169.100
	   2.300	 186.600
	   2.500	 204.300
	   2.600	 211.700
	   3.000	 232.700
	   3.400	 254.100
	   4.000	 287.000
	   4.500	 314.900
	   5.300	 360.200
	   7.200	 468.600
	  12.900	 794.600
	  13.000	 796.100
	  13.550	 796.100
	EndTable

End

	
	Name	___________NO5_SWBT(P)
	ProTank 0x41a0016
	Frame  67661064710576

UllageVolTable
	   0.000	   1.900
	  12.000	 688.200
	  12.900	 740.200
	  13.000	 741.800
	  13.550	 741.800
	EndTable

End

	
	Name	___________NO5_SWBT(S)
	ProTank 0x41a0017
	Frame  67661064710579

UllageVolTable
	   0.000	   1.400
	  12.100	 693.500
	  12.900	 739.800
	  13.000	 741.800
	  13.550	 741.800
	EndTable

End

	
	Name	___________NO6_SWBT(P)
	ProTank 0x41a0018
	Frame  67661064710576

UllageVolTable
	   0.000	   2.000
	   1.300	  76.200
	  12.200	 699.700
	  12.900	 740.200
	  13.000	 741.700
	  13.550	 741.700
	EndTable

End

	
	Name	___________NO6_SWBT(S)
	ProTank 0x41a0019
	Frame  67661064710579

UllageVolTable
	   0.000	   1.600
	   4.100	 236.000
	  12.100	 693.600
	  12.900	 739.900
	  13.000	 741.700
	  13.540	 741.700
	EndTable

End

	
	Name	___________NO8_SWBT(P)
	ProTank 0x41a001a
	Frame  67661064710576

UllageVolTable
	   0.000	   0.100
	   0.200	   0.700
	   0.300	   1.100
	   0.700	   3.600
	   0.800	   4.500
	   1.000	   6.900
	   1.200	  10.000
	   1.300	  11.900
	   1.500	  16.500
	   1.600	  19.200
	   1.700	  22.300
	   1.800	  25.600
	   1.900	  29.200
	   2.000	  33.100
	   2.100	  37.400
	   2.200	  42.200
	   2.300	  47.400
	   2.400	  53.000
	   2.500	  59.100
	   2.600	  65.700
	   2.700	  72.800
	   2.800	  80.500
	   2.900	  88.700
	   3.000	  97.600
	   3.100	 107.100
	   3.200	 117.400
	   3.300	 128.100
	   3.400	 139.300
	   3.500	 151.500
	   3.600	 164.300
	   3.700	 177.800
	   3.800	 192.000
	   3.900	 206.800
	   4.000	 222.300
	   4.100	 238.300
	   4.200	 254.900
	   4.300	 272.000
	   4.400	 289.500
	   4.500	 307.400
	   4.600	 325.700
	   4.700	 344.300
	   4.800	 363.200
	   4.900	 382.300
	   5.000	 401.700
	   5.100	 421.400
	   5.200	 432.900
	   5.400	 442.000
	   5.600	 451.700
	   5.800	 461.900
	   6.000	 472.600
	   6.300	 489.200
	   6.600	 506.400
	   7.100	 536.000
	   7.700	 572.300
	   7.800	 577.400
	  11.200	 729.800
	  11.300	 732.400
	  16.620	 732.400
	EndTable

End

	
	Name	___________NO8_SWBT(S)
	ProTank 0x41a001b
	Frame  67661064710579

UllageVolTable
	   0.000	   0.100
	   0.200	   0.700
	   0.600	   3.000
	   0.700	   3.700
	   0.900	   5.800
	   1.000	   7.100
	   1.100	   8.600
	   1.200	  10.300
	   1.300	  12.200
	   1.400	  14.400
	   1.500	  16.900
	   1.600	  19.600
	   1.700	  22.800
	   1.900	  29.800
	   2.000	  33.700
	   2.100	  38.100
	   2.200	  42.900
	   2.300	  48.200
	   2.400	  53.900
	   2.500	  60.100
	   2.600	  66.800
	   2.700	  74.000
	   2.800	  81.700
	   2.900	  90.000
	   3.000	  99.000
	   3.100	 108.600
	   3.200	 118.900
	   3.300	 129.700
	   3.400	 141.100
	   3.500	 153.400
	   3.600	 166.300
	   3.700	 179.900
	   3.800	 194.200
	   3.900	 209.100
	   4.000	 224.700
	   4.100	 240.800
	   4.200	 257.400
	   4.300	 274.600
	   4.400	 292.200
	   4.500	 310.100
	   4.600	 328.500
	   4.700	 347.100
	   4.800	 366.000
	   4.900	 385.200
	   5.100	 424.300
	   5.200	 433.600
	   5.400	 442.700
	   5.500	 447.500
	   5.700	 457.500
	   5.900	 468.000
	   6.200	 484.400
	   6.600	 507.300
	   6.800	 519.000
	   7.400	 555.000
	   7.700	 573.200
	   7.800	 578.100
	  11.200	 730.400
	  11.300	 732.400
	  16.600	 732.400
	EndTable

End

	
	Name	___________MDOSERVTK(P)
	ProTank 0x41a001c
	Frame  67661064710576

UllageVolTable
	   0.000	   0.000
	   0.300	   0.500
	   0.580	   1.400
	   0.920	   2.900
	   1.320	   5.300
	   1.820	   9.000
	   2.100	  11.300
	   2.580	  15.500
	   3.120	  20.500
	  11.260	  97.000
	  11.880	  97.000
	EndTable

End

	
	Name	_MDOSTORTK(P)
	ProTank 0x41a001d
	Frame  67661064710579

UllageVolTable
	   0.000	   0.800
	   0.100	   2.600
	   0.200	   4.900
	   0.320	   8.400
	   0.440	  12.500
	   0.560	  17.200
	   0.680	  22.400
	   0.840	  30.100
	   0.980	  37.500
	   1.120	  45.500
	   1.260	  54.000
	   1.420	  64.300
	   1.560	  73.900
	   1.660	  81.000
	   1.860	  95.900
	   2.040	 110.100
	   2.200	 123.300
	   2.340	 135.700
	   2.480	 148.600
	   2.500	 149.900
	   5.210	 149.900
	EndTable

End

	
	Name	___________MDOSTORTK(S)
	ProTank 0x41a001e
	Frame  12638183222707496

UllageVolTable
	   0.000	   1.100
	   0.080	   4.400
	   0.160	   8.200
	   0.220	  11.400
	   0.300	  16.100
	   0.380	  21.200
	   0.500	  29.500
	   0.620	  38.600
	   0.760	  49.900
	   0.880	  60.300
	   0.940	  65.600
	   1.100	  80.500
	   1.260	  96.100
	   1.380	 108.200
	   1.480	 118.700
	   1.600	 131.600
	   1.740	 147.100
	   1.940	 169.700
	   2.080	 184.100
	   2.240	 201.000
	   2.440	 223.000
	   2.460	 224.800
	   5.170	 224.800
	EndTable

End

	
	Name	___________CYLLOSTORTK(S)
	ProTank 0x41a001f
	Frame      0    0

UllageVolTable
	   0.000	   0.000
	   0.000	   7.900
	  -0.120	  -4.300
	   0.600	 -16.600
	   0.137	  23.600
	   0.000	   9.300
	  -0.140	  -4.800
	   1.200	 -19.000
	   0.149	  25.100
	   0.000	  10.000
	  -0.150	  -5.000
	   1.800	 -20.000
	   0.150	  25.100
	  -0.150	  -5.000
	   2.400	 -20.100
	   0.144	  19.700
	   0.000	   9.800
	  -0.169	  -4.900
	   3.000	 -19.700
	   0.148	  24.600
	  -0.148	  -4.900
	   3.600	 -19.700
	   0.148	  24.600
	  -0.148	  -4.900
	   4.200	 -19.700
	   0.148	  24.600
	  -0.148	  -4.900
	   4.800	 -19.700
	   0.148	  24.000
	   0.000	  10.700
	  -0.143	  -3.600
	   5.400	 -24.000
	   0.000	   0.000
	   5.990	   0.000
	EndTable

End

	
	Name	_CYLLOSTORTK(S)_____TRIM_BY_STERN_()___TRIM_BY_HEAD_()_*
	ProTank 0x41a0020
	Frame  12638172952708264

UllageVolTable
	   0.000	   0.000
	   0.020	   0.200
	   0.200	   5.900
	   0.360	  11.400
	   0.560	  19.000
	   0.740	  26.300
	   0.900	  33.200
	   1.060	  40.300
	   1.360	  54.300
	   2.580	 112.700
	   2.600	 113.400
	   5.180	 155.500
	   5.990	 155.600
	EndTable

End

	
	Name	___________G/E_LOSTORTK(S)
	ProTank 0x41a0021
	Frame  13809306431395149652

UllageVolTable
	   0.000	   0.100
	   3.480	  16.500
	   4.130	  16.500
	EndTable

End

	
	Name	___________S/T_LOSUMPTK(C)
	ProTank 0x41a0022
	Frame  16000858551296650836

UllageVolTable
	   0.000	   0.500
	   0.520	   4.200
	   0.740	   5.800
	   3.450	   5.800
	EndTable

End

	
	Name	___________MAIN_LOSUMP_TK(C)
	ProTank 0x41a0023
	Frame  1330926415676025426

UllageVolTable
	   0.000	   0.200
	   0.280	   1.700
	   0.320	   2.400
	   0.360	   3.500
	   0.420	   6.000
	   0.520	  11.400
	   1.420	  61.600
	   1.440	  62.100
	   2.240	  65.900
	   4.960	  65.900
	EndTable

End

	
	Name	___________MAIN_LOSTORTK(P)
	ProTank 0x41a0024
	Frame  1297437519676025424

UllageVolTable
	   0.000	   0.100
	   0.360	   8.600
	   2.560	  62.400
	   2.600	  63.000
	   5.160	  84.800
	   5.970	  84.800
	EndTable

End

	
	Name	___________CYLOSTTK_FOR_L/S
	ProTank 0x41a0025
	Frame  14315231481415532621

UllageVolTable
	   0.000	   0.400
	   6.060	  66.900
	   6.670	  66.900
	EndTable

End

	
	Name	___________BILGE_HOLDING_TK
	ProTank 0x41a0026
	Frame  14147459321263817295

UllageVolTable
	   0.000	   0.200
	   0.080	   1.500
	   0.180	   3.800
	   0.300	   7.000
	   0.420	  10.800
	   0.500	  13.500
	   0.640	  18.800
	   0.680	  20.300
	   0.820	  26.200
	   0.960	  32.400
	   1.180	  43.000
	   1.380	  53.300
	   1.600	  65.200
	   1.700	  70.800
	   1.920	  80.800
	   2.220	  95.000
	   2.500	 108.500
	   2.540	 108.700
	   5.280	 108.700
	EndTable

End

	
	Name	___________FOOVERFLOW_TK
	ProTank 0x41a0027
	Frame  15987723081599229766

UllageVolTable
	   0.000	   0.800
	   0.120	   3.800
	   0.280	   8.200
	   0.440	  12.900
	   0.680	  20.600
	   0.920	  28.800
	   1.340	  44.000
	   1.660	  56.300
	   1.860	  64.200
	   1.980	  68.500
	   2.080	  71.700
	   2.220	  75.500
	   2.360	  78.500
	   2.460	  80.100
	   5.190	  80.100
	EndTable

End

	
	Name	___________OILY_BILGE_TK
	ProTank 0x41a0028
	Frame  12802642871196312900

UllageVolTable
	   0.000	   0.500
	   0.100	   3.100
	   0.220	   6.800
	   0.340	  11.100
	   0.520	  18.200
	   0.660	  24.300
	   0.820	  31.700
	   0.960	  38.600
	   1.180	  50.100
	   1.420	  63.400
	   1.660	  77.400
	   1.900	  92.000
	   2.160	 108.500
	   2.420	 125.500
	   2.460	 128.200
	   2.480	 128.500
	   5.230	 128.500
	EndTable

End

	
	Name	___________CLEAN_DRAIN(C)
	ProTank 0x41a0029
	Frame  13303988021263820631

UllageVolTable
	   0.000	   0.200
	   0.180	   1.700
	   0.380	   3.800
	   0.640	   7.100
	   1.040	  13.000
	   1.380	  18.700
	   1.700	  24.500
	   1.980	  29.800
	   2.440	  38.800
	   2.480	  39.000
	   5.220	  39.000
	EndTable

End

	
	Name	___________SLUDGE_TK
	ProTank 0x41a002a
	Frame  11961818261263820613

UllageVolTable
	   0.000	   0.600
	   0.280	   7.700
	   0.460	  12.700
	   0.660	  18.600
	   0.920	  27.000
	   1.120	  33.900
	   1.340	  42.100
	   1.360	  42.900
	   1.380	  43.400
	   2.200	  43.400
	EndTable

End

