	
	Name	APT__A_P_TK_(C)
	ProTank 0x41a0001
	Frame  18363842561952522341

UllageVolTable
	   0.000	   0.000
	   0.400	   0.300
	   0.600	   0.850
	   0.700	   1.330
	   0.800	   2.100
	   0.900	   3.300
	   1.000	   5.010
	   1.100	   7.230
	   1.200	   9.870
	   1.300	  12.970
	   1.400	  16.570
	   1.500	  19.680
	   1.600	  24.470
	   1.700	  29.860
	   1.800	  35.860
	   1.900	  43.400
	   2.000	  51.660
	   2.100	  60.330
	   2.200	  70.450
	   2.300	  81.430
	   2.400	  93.230
	   2.500	 105.390
	   2.600	 118.070
	   2.700	 132.410
	   2.800	 147.740
	   2.900	 163.920
	   3.000	 180.880
	   3.100	 197.360
	   3.200	 214.300
	   3.400	 249.330
	   5.168	 560.620
	EndTable

End

DieselOilTank	
	Name	DBWB2P__NO_2DB_W_B_TK_(P)
	ProTank 0x41a0002
	Frame      0    0

UllageVolTable
	   0.000	   0.000
	   0.100	  13.200
	   0.200	  28.720
	   0.300	  45.200
	   0.400	  62.470
	   0.500	  80.400
	   0.600	  98.930
	   0.700	 118.000
	   0.800	 137.580
	   1.000	 177.870
	   1.100	 198.460
	   1.200	 219.440
	   1.300	 240.810
	   1.400	 262.540
	   1.500	 284.610
	   1.608	 308.890
	EndTable

End

DieselOilTank	
	Name	DBWB2S__NO_2DB_W_B_TK_(S)
	ProTank 0x41a0003
	Frame      0    0

UllageVolTable
	   0.000	   0.000
	   0.100	  14.490
	   0.200	  31.280
	   0.300	  49.050
	   0.400	  67.580
	   0.500	  86.790
	   0.600	 106.590
	   0.700	 126.940
	   0.800	 147.800
	   1.000	 190.630
	   1.100	 212.500
	   1.200	 234.750
	   1.300	 257.390
	   1.400	 280.390
	   1.500	 303.740
	   1.608	 329.220
	EndTable

End

DieselOilTank	
	Name	DBWB3P_TANK_NO_3DB_W_B_TK_(P)
	ProTank 0x41a0004
	Frame  14155290551344823115

UllageVolTable
	   0.000	   0.000
	   0.100	  30.740
	   0.200	  62.800
	   0.300	  95.660
	   0.400	 129.170
	   0.500	 163.230
	   0.600	 197.790
	   0.700	 232.790
	   0.800	 268.170
	   1.000	 339.680
	   1.100	 375.770
	   1.200	 412.140
	   1.300	 448.780
	   1.400	 485.670
	   1.600	 560.110
	EndTable

End

DieselOilTank	
	Name	DBWB3S_TANK_NO_3DB_W_B_TK_(S)
	ProTank 0x41a0005
	Frame  14155290551395154763

UllageVolTable
	   0.000	   0.000
	   0.100	  31.370
	   0.200	  64.070
	   0.300	  97.570
	   0.400	 131.710
	   0.500	 166.410
	   0.600	 201.610
	   0.700	 237.230
	   0.800	 273.250
	   1.000	 346.040
	   1.100	 382.760
	   1.200	 419.770
	   1.300	 457.040
	   1.400	 494.560
	   1.600	 570.280
	EndTable

End

DieselOilTank	
	Name	DBWB4AP__NO_4ADB_W_B_TK_(P)
	ProTank 0x41a0006
	Frame  14658606761415529055

UllageVolTable
	   0.000	   0.000
	   0.100	  11.170
	   0.200	  23.340
	   0.300	  36.150
	   0.400	  49.470
	   0.500	  63.230
	   0.600	  77.380
	   0.700	  91.890
	   0.800	 106.740
	   1.000	 137.020
	   1.100	 152.420
	   1.200	 168.090
	   1.300	 184.000
	   1.400	 200.140
	   1.500	 216.500
	   1.600	 233.070
	   1.800	 241.950
	   2.000	 251.540
	   2.200	 261.760
	   2.400	 272.560
	   2.600	 283.880
	   2.800	 295.660
	   3.000	 307.860
	   3.300	 326.870
	   3.600	 346.630
	   3.900	 367.020
	   4.210	 388.670
	EndTable

End

DieselOilTank	
	Name	DBWB4AS__NO_4ADB_W_B_TK_(S)
	ProTank 0x41a0007
	Frame  14658606761415529055

UllageVolTable
	   0.000	   0.000
	   0.100	  12.410
	   0.200	  25.810
	   0.300	  39.850
	   0.400	  54.400
	   0.500	  69.390
	   0.600	  84.770
	   0.700	 100.520
	   0.800	 116.600
	   1.000	 149.340
	   1.100	 165.980
	   1.200	 182.880
	   1.300	 200.020
	   1.400	 217.390
	   1.600	 252.790
	   1.800	 261.670
	   2.000	 271.260
	   2.200	 281.480
	   2.400	 292.280
	   2.600	 303.590
	   2.800	 315.370
	   3.100	 333.830
	   3.400	 353.100
	   3.700	 373.080
	   4.000	 393.670
	   4.210	 408.390
	EndTable

End

DieselOilTank	
	Name	DBWB4FP__NO_4FDB_W_B_TK_(P)
	ProTank 0x41a0008
	Frame  11135445431598772319

UllageVolTable
	   0.000	   0.000
	   0.100	  14.450
	   0.200	  29.600
	   0.300	  45.180
	   0.400	  61.100
	   0.500	  77.300
	   0.600	  93.750
	   0.800	 127.280
	   1.000	 161.500
	   1.200	 196.290
	   1.400	 231.570
	   1.600	 267.260
	   1.900	 274.320
	   2.200	 282.030
	   2.500	 290.260
	   3.000	 304.770
	   3.800	 329.020
	   4.210	 341.620
	EndTable

End

DieselOilTank	
	Name	DBWB4FS__NO_4FDB_W_B_TK_(S)
	ProTank 0x41a0009
	Frame  11135445431598772319

UllageVolTable
	   0.000	   0.000
	   0.100	  15.080
	   0.200	  30.870
	   0.300	  47.090
	   0.400	  63.640
	   0.500	  80.480
	   0.600	  97.570
	   0.800	 132.360
	   1.000	 167.850
	   1.200	 203.920
	   1.400	 240.470
	   1.600	 277.430
	   1.900	 284.490
	   2.200	 292.190
	   2.600	 303.260
	   3.100	 317.920
	   4.000	 345.330
	   4.210	 351.790
	EndTable

End

DieselOilTank	
	Name	DBWB5P__NO_5DB_W_B_TK_(P)
	ProTank 0x41a000a
	Frame  11135445431598772319

UllageVolTable
	   0.000	   0.000
	   0.100	   5.740
	   0.200	  12.380
	   0.300	  19.600
	   0.400	  27.310
	   0.500	  35.440
	   0.600	  43.950
	   0.700	  52.810
	   0.800	  62.000
	   0.900	  71.500
	   1.000	  81.310
	   1.100	  91.400
	   1.200	 101.780
	   1.300	 112.420
	   1.400	 123.320
	   1.600	 145.890
	EndTable

End

DieselOilTank	
	Name	DBWB5S__NO_5DB_W_B_TK_(S)
	ProTank 0x41a000b
	Frame  11135445431598772319

UllageVolTable
	   0.000	   0.000
	   0.100	   5.740
	   0.200	  12.380
	   0.300	  19.600
	   0.400	  27.310
	   0.500	  35.440
	   0.600	  43.950
	   0.700	  52.810
	   0.800	  62.000
	   0.900	  71.500
	   1.000	  81.310
	   1.100	  91.400
	   1.200	 101.780
	   1.300	 112.420
	   1.400	 123.320
	   1.600	 145.890
	EndTable

End

FreshWaterTank	
	Name	FPT__F_P_TK_(C)
	ProTank 0x41a000c
	Frame  14155290551344823115

UllageVolTable
	   0.000	   0.000
	   0.200	   0.200
	   0.400	   0.870
	   0.600	   2.020
	   0.800	   3.660
	   1.000	   5.790
	   1.200	   8.410
	   1.400	  11.550
	   1.600	  15.220
	   1.800	  19.420
	   2.000	  24.170
	   2.200	  29.420
	   2.400	  35.220
	   2.600	  41.570
	   2.800	  48.450
	   3.000	  55.840
	   3.200	  63.790
	   3.400	  72.290
	   3.600	  81.340
	   3.800	  90.860
	   4.000	 100.930
	   4.200	 111.540
	   4.400	 122.650
	   4.600	 134.280
	   4.800	 146.380
	   5.000	 158.910
	   5.300	 178.410
	   5.600	 198.730
	   6.000	 226.720
	   6.700	 276.500
	   7.000	 297.240
	   7.200	 310.690
	   7.400	 323.640
	   7.600	 335.950
	   7.700	 341.830
	   7.800	 347.500
	   7.900	 352.940
	   8.000	 358.140
	   8.100	 363.100
	   8.200	 367.800
	   8.300	 372.220
	   8.400	 376.380
	   8.500	 380.340
	   8.600	 384.010
	   8.700	 387.340
	   8.800	 390.110
	   8.900	 392.580
	   9.100	 396.470
	   9.400	 402.240
	  10.500	 421.510
	  10.900	 428.880
	  11.200	 434.910
	  11.500	 441.500
	  11.800	 448.780
	  11.900	 451.390
	  12.000	 453.720
	  12.200	 457.570
	  12.500	 464.070
	  12.700	 468.870
	  12.800	 471.620
	  13.000	 477.990
	  13.100	 481.350
	  13.200	 484.270
	  13.400	 491.640
	  13.600	 499.620
	  13.800	 508.230
	  14.000	 517.530
	  14.200	 527.600
	  14.300	 532.920
	  14.400	 538.440
	  14.500	 544.170
	  14.600	 550.110
	  14.700	 556.270
	  14.800	 562.670
	  14.900	 569.300
	  15.000	 576.150
	  15.100	 583.240
	  15.200	 590.570
	  15.300	 598.120
	  15.400	 605.910
	  15.500	 613.950
	  15.600	 622.240
	  15.700	 630.790
	  15.800	 639.580
	  15.900	 648.640
	  16.000	 657.950
	  16.100	 667.540
	  16.300	 687.350
	  16.400	 697.730
	  16.500	 708.400
	  16.600	 719.350
	  16.700	 730.600
	  16.800	 742.130
	  16.900	 753.940
	  17.000	 766.050
	  17.123	 781.320
	EndTable

End

	
	Name	SWB1P__NO_1S_W_B_TK_(P)
	ProTank 0x41a000d
	Frame  14155290551395154763

UllageVolTable
	   0.000	   0.000
	   0.100	   2.010
	   0.200	   4.580
	   0.300	   7.510
	   0.400	  10.730
	   0.500	  14.200
	   0.600	  17.920
	   0.700	  21.860
	   0.800	  26.020
	   1.000	  34.940
	   1.200	  44.590
	   1.400	  54.890
	   1.600	  65.790
	   1.800	  74.120
	   2.000	  82.960
	   2.200	  92.270
	   2.400	 102.000
	   2.700	 117.370
	   3.000	 133.560
	   3.300	 150.520
	   3.600	 168.180
	   3.900	 186.470
	   4.200	 205.330
	   4.700	 226.330
	   5.000	 239.410
	   5.400	 257.540
	   5.800	 276.380
	   6.200	 295.900
	   6.600	 316.090
	   7.000	 336.950
	   7.400	 358.490
	   7.800	 380.760
	   8.100	 397.970
	   8.400	 415.640
	   8.700	 433.800
	   9.000	 452.500
	   9.400	 478.290
	   9.700	 493.780
	  10.000	 510.010
	  10.300	 527.030
	  10.600	 544.940
	  10.800	 557.430
	  11.000	 570.370
	  11.200	 583.800
	  11.400	 597.710
	  11.600	 612.130
	  11.800	 627.070
	  11.986	 641.440
	EndTable

End

	
	Name	SWB1S__NO_1S_W_B_TK_(S)
	ProTank 0x41a000e
	Frame      0    0

UllageVolTable
	   0.000	   0.000
	   0.100	   2.400
	   0.200	   5.430
	   0.300	   8.870
	   0.400	  12.640
	   0.500	  16.700
	   0.600	  21.020
	   0.700	  25.580
	   1.000	  40.110
	   1.200	  50.450
	   1.400	  61.450
	   1.600	  73.040
	   1.800	  81.380
	   2.000	  90.210
	   2.200	  99.520
	   2.400	 109.260
	   2.700	 124.620
	   3.000	 140.820
	   3.300	 157.770
	   3.600	 175.430
	   3.900	 193.720
	   4.200	 212.580
	   4.400	 220.960
	   4.700	 233.580
	   5.000	 246.670
	   5.400	 264.790
	   5.800	 283.630
	   6.200	 303.150
	   6.600	 323.340
	   7.000	 344.200
	   7.400	 365.750
	   7.800	 388.020
	   8.200	 411.060
	   8.500	 428.890
	   8.800	 447.220
	   9.100	 466.120
	   9.400	 485.540
	   9.700	 501.030
	  10.000	 517.260
	  10.300	 534.280
	  10.500	 546.120
	  10.700	 558.380
	  10.900	 571.100
	  11.100	 584.280
	  11.300	 597.940
	  11.500	 612.110
	  11.700	 626.790
	  11.900	 641.990
	  11.986	 648.690
	EndTable

End

	
	Name	SWB2AP__NO_2AS_W_B_TK_(P)
	ProTank 0x41a000f
	Frame  15987723192707496

UllageVolTable
	   0.000	   0.000
	   0.200	   6.800
	   0.400	  14.170
	   0.600	  22.080
	   0.800	  30.490
	   1.000	  39.370
	   1.200	  48.670
	   1.500	  63.380
	   1.800	  78.920
	   2.100	  95.230
	   2.400	 112.230
	   2.600	 123.930
	   3.000	 141.990
	   3.300	 156.060
	   3.600	 170.630
	   4.000	 190.780
	   4.400	 211.680
	   4.800	 233.250
	   5.200	 255.450
	   5.700	 273.590
	   6.200	 292.480
	   6.700	 312.070
	   7.300	 336.410
	   7.800	 357.210
	   8.400	 372.990
	   9.100	 392.120
	   9.800	 411.920
	  10.386	 428.940
	EndTable

End

	
	Name	SWB2AS__NO_2AS_W_B_TK_(S)
	ProTank 0x41a0010
	Frame  15987723192708264

UllageVolTable
	   0.000	   0.000
	   0.200	   6.800
	   0.400	  14.170
	   0.600	  22.080
	   0.800	  30.490
	   1.000	  39.370
	   1.200	  48.670
	   1.500	  63.380
	   1.800	  78.920
	   2.100	  95.230
	   2.400	 112.230
	   2.600	 123.930
	   3.000	 141.990
	   3.300	 156.060
	   3.600	 170.630
	   4.000	 190.780
	   4.400	 211.680
	   4.800	 233.250
	   5.200	 255.450
	   5.700	 273.590
	   6.200	 292.480
	   6.700	 312.070
	   7.300	 336.410
	   7.800	 357.210
	   8.400	 372.990
	   9.100	 392.120
	   9.800	 411.920
	  10.386	 428.940
	EndTable

End

	
	Name	SWB2FP__NO_2FS_W_B_TK_(P)
	ProTank 0x41a0011
	Frame  14155290551344823115

UllageVolTable
	   0.000	   0.000
	   0.200	   9.120
	   0.400	  18.840
	   0.600	  29.110
	   0.800	  39.920
	   1.000	  51.210
	   1.200	  62.980
	   1.400	  75.180
	   1.700	  94.260
	   2.000	 114.220
	   2.300	 134.970
	   2.600	 156.470
	   2.700	 160.600
	   3.000	 172.370
	   3.300	 184.770
	   3.600	 197.780
	   3.900	 211.370
	   4.200	 225.520
	   4.500	 240.200
	   4.800	 255.420
	   5.100	 271.160
	   5.200	 276.530
	   5.600	 290.680
	   5.900	 301.860
	   6.200	 313.560
	   6.500	 325.770
	   6.800	 338.500
	   7.100	 351.740
	   7.400	 365.500
	   7.800	 384.570
	   8.100	 394.850
	   8.400	 405.650
	   8.700	 417.000
	   9.000	 428.870
	   9.300	 441.290
	   9.600	 454.240
	   9.900	 467.730
	  10.200	 481.740
	  10.386	 490.700
	EndTable

End

	
	Name	SWB2FS__NO_2FS_W_B_TK_(S)
	ProTank 0x41a0012
	Frame  14155290551395154763

UllageVolTable
	   0.000	   0.000
	   0.200	   9.120
	   0.400	  18.840
	   0.600	  29.110
	   0.800	  39.920
	   1.000	  51.210
	   1.200	  62.980
	   1.400	  75.180
	   1.700	  94.260
	   2.000	 114.220
	   2.300	 134.970
	   2.600	 156.470
	   2.700	 160.600
	   3.000	 172.370
	   3.300	 184.770
	   3.600	 197.780
	   3.900	 211.370
	   4.200	 225.520
	   4.500	 240.200
	   4.800	 255.420
	   5.100	 271.160
	   5.200	 276.530
	   5.600	 290.680
	   5.900	 301.860
	   6.200	 313.560
	   6.500	 325.770
	   6.800	 338.500
	   7.100	 351.740
	   7.400	 365.500
	   7.800	 384.570
	   8.100	 394.850
	   8.400	 405.650
	   8.700	 417.000
	   9.000	 428.870
	   9.300	 441.290
	   9.600	 454.240
	   9.900	 467.730
	  10.200	 481.740
	  10.386	 490.700
	EndTable

End

	
	Name	SWB3P__NO_3S_W_B_TK_(P)
	ProTank 0x41a0013
	Frame  14155290551344823115

UllageVolTable
	   0.000	   0.000
	   0.200	  11.500
	   0.400	  23.710
	   0.600	  36.530
	   0.800	  49.900
	   1.100	  70.780
	   1.400	  92.440
	   1.700	 114.680
	   2.100	 145.030
	   2.600	 183.780
	   3.400	 233.980
	   4.200	 285.010
	   5.400	 362.460
	  10.386	 686.390
	EndTable

End

	
	Name	SWB3S__NO_3S_W_B_TK_(S)
	ProTank 0x41a0014
	Frame  14155290551395154763

UllageVolTable
	   0.000	   0.000
	   0.200	  11.500
	   0.400	  23.710
	   0.600	  36.530
	   0.800	  49.900
	   1.100	  70.780
	   1.400	  92.440
	   1.700	 114.680
	   2.100	 145.030
	   2.600	 183.780
	   3.400	 233.980
	   4.200	 285.010
	   5.400	 362.460
	  10.386	 686.390
	EndTable

End

HFOTank	
	Name	HFO_SERV_P__HFOSERV_TK_(P)
	ProTank 0x41a0015
	Frame  15987723192707496

UllageVolTable
	   0.000	   0.000
	   7.820	  62.110
	EndTable

End

HFOTank	
	Name	HFO_SETT_P__HFOSETT_TK_(P)
	ProTank 0x41a0016
	Frame  15987723192708264

UllageVolTable
	   0.000	   0.000
	   7.820	  65.570
	EndTable

End

HFOTank	
	Name	HFO4AP__NO_4AS_F_O_TK_(P)
	ProTank 0x41a0017
	Frame  1599492677677333844

UllageVolTable
	   0.000	   0.000
	   0.400	  12.040
	   0.900	  27.930
	   1.500	  47.780
	   2.900	  95.370
	   7.776	 261.980
	EndTable

End

HFOTank	
	Name	HFO4AS__NO_4AS_F_O_TK_(S)
	ProTank 0x41a0018
	Frame  1599362117677333844

UllageVolTable
	   0.000	   0.000
	   0.400	  12.040
	   0.900	  27.930
	   1.500	  47.780
	   2.900	  95.370
	   7.776	 261.980
	EndTable

End

HFOTank	
	Name	HFO4FP__NO_4FS_F_O_TK_(P)
	ProTank 0x41a0019
	Frame  14155323831344823115

UllageVolTable
	   0.000	   0.000
	   7.776	 239.700
	EndTable

End

HFOTank	
	Name	HFO4FS__NO_4FS_F_O_TK_(S)
	ProTank 0x41a001a
	Frame  14155323831395154763

UllageVolTable
	   0.000	   0.000
	   7.776	 239.700
	EndTable

End

HFOTank	
	Name	HFO5P__NO_5S_F_O_TK_(P)
	ProTank 0x41a001b
	Frame  14155323831344823115

UllageVolTable
	   0.000	   0.000
	   0.100	   4.570
	   0.200	   9.370
	   0.300	  14.400
	   0.400	  19.650
	   0.500	  25.120
	   0.600	  30.800
	   0.800	  42.800
	   1.000	  55.620
	   1.200	  69.230
	   1.400	  83.590
	   1.600	  98.680
	   1.800	 114.480
	   2.000	 130.960
	   2.200	 148.080
	   2.400	 165.830
	   2.600	 184.160
	   2.700	 190.350
	   2.900	 202.440
	   3.100	 215.050
	   3.300	 228.180
	   3.500	 241.790
	   3.700	 255.870
	   3.900	 270.390
	   4.200	 292.930
	   4.500	 316.290
	   4.800	 340.360
	   5.100	 365.050
	   5.200	 373.400
	   5.700	 387.340
	   6.200	 402.000
	   7.100	 429.390
	  10.386	 530.670
	EndTable

End

HFOTank	
	Name	HFO5S__NO_5S_F_O_TK_(S)
	ProTank 0x41a001c
	Frame  15990303491380930643

UllageVolTable
	   0.000	   0.000
	   0.100	   4.570
	   0.200	   9.370
	   0.300	  14.400
	   0.400	  19.650
	   0.500	  25.120
	   0.600	  30.800
	   0.800	  42.800
	   1.000	  55.620
	   1.200	  69.230
	   1.400	  83.590
	   1.600	  98.680
	   1.800	 114.480
	   2.000	 130.960
	   2.200	 148.080
	   2.400	 165.830
	   2.600	 184.160
	   2.700	 190.350
	   2.900	 202.440
	   3.100	 215.050
	   3.300	 228.180
	   3.500	 241.790
	   3.700	 255.870
	   3.900	 270.390
	   4.200	 292.930
	   4.500	 316.290
	   4.800	 340.360
	   5.100	 365.050
	   5.200	 373.400
	   5.700	 387.340
	   6.200	 402.000
	   7.100	 429.390
	  10.386	 530.670
	EndTable

End

MiscTank	
	Name	MDO_SERV_P__MDOSERV_TK_(P)
	ProTank 0x41a001d
	Frame  15987723192707496

UllageVolTable
	   0.000	   0.000
	   3.300	  45.330
	EndTable

End

MiscTank	
	Name	MDO_STOR_2P__NO_2MDOSTOR_TK(P)
	ProTank 0x41a001e
	Frame  15987723192708264

UllageVolTable
	   0.000	   0.000
	   0.400	   7.920
	   1.000	  20.690
	   3.400	  74.110
	   4.320	  94.650
	EndTable

End

MiscTank	
	Name	MDO_STOR_P__NO_1MDO_STOR_TK_(P)
	ProTank 0x41a001f
	Frame  1599492677677333844

UllageVolTable
	   0.000	   0.000
	   0.300	   0.690
	   0.500	   1.720
	   0.700	   3.330
	   0.900	   5.570
	   1.100	   8.400
	   1.300	  11.760
	   1.500	  15.630
	   1.700	  19.950
	   1.900	  24.700
	   2.100	  29.850
	   2.400	  38.300
	   2.425	  39.040
	EndTable

End

MiscTank	
	Name	MDO_STOR_S__NO_1MDO_STOR_TK_(S)
	ProTank 0x41a0020
	Frame  13298762741380930643

UllageVolTable
	   0.000	   0.000
	   0.200	   1.610
	   0.400	   3.840
	   0.600	   6.530
	   0.900	  11.260
	   1.200	  16.340
	   1.500	  22.010
	   1.900	  30.080
	   2.200	  35.700
	   2.425	  39.350
	EndTable

End

