	
	Name	__NAME___A_P_TK_(C)____
	ProTank 0x41a0001
	Frame      0   11

UllageVolTable
	   0.000	   0.000
	   0.550	   0.700
	   0.800	   2.200
	   1.000	   5.100
	   1.200	   9.900
	   1.350	  14.500
	   1.400	  16.300
	   1.500	  19.200
	   1.650	  26.300
	   1.800	  34.500
	   1.900	  41.400
	   2.100	  57.700
	   2.200	  67.400
	   2.350	  83.900
	   2.600	 114.200
	   2.700	 128.200
	   2.800	 143.200
	   2.950	 167.500
	   3.200	 209.400
	   3.750	 305.900
	   5.150	 552.400
	   5.200	 560.600
	   6.000	 560.600
	EndTable

End

	
	Name	_Name_____________F_P_TK_(C)
	ProTank 0x41a0002
	Frame      0    0

UllageVolTable
	   0.000	   0.200
	   0.400	   2.000
	   0.750	   5.100
	   1.100	   9.600
	   1.350	  13.700
	   1.700	  21.100
	   2.050	  30.000
	   2.450	  42.300
	   2.800	  54.800
	   3.150	  68.900
	   3.550	  87.100
	   3.850	 102.100
	   4.200	 121.100
	   4.550	 141.600
	   5.000	 170.000
	   5.400	 196.800
	   6.050	 242.500
	   6.650	 285.000
	   7.050	 312.200
	   7.400	 334.300
	   7.700	 351.500
	   7.950	 364.200
	   8.200	 375.200
	   8.400	 383.000
	   8.550	 388.000
	   8.750	 393.100
	   9.400	 405.300
	  10.600	 426.400
	  11.200	 438.600
	  11.650	 449.400
	  11.800	 453.200
	  12.200	 461.200
	  12.600	 470.800
	  12.950	 482.100
	  13.000	 483.900
	  13.050	 485.100
	  13.350	 496.400
	  13.700	 511.500
	  13.950	 523.600
	  14.200	 536.900
	  14.500	 554.500
	  14.750	 570.800
	  15.050	 592.200
	  15.300	 611.700
	  15.550	 632.700
	  15.800	 655.300
	  16.100	 684.500
	  16.350	 710.800
	  16.600	 738.900
	  16.800	 762.700
	  16.950	 781.200
	  17.300	 781.300
	EndTable

End

	
	Name	_Name_____________NO_1_S_W_B_TK_(P)
	ProTank 0x41a0003
	Frame  15965396886250335

UllageVolTable
	   0.000	   0.900
	   0.150	   4.600
	   0.400	  12.400
	   0.650	  21.900
	   0.950	  34.900
	   1.250	  49.700
	   1.550	  65.800
	   1.900	  80.700
	   2.250	  97.100
	   2.300	   0.000
	   2.350	 101.900
	   2.750	 121.500
	   3.200	 145.100
	   3.700	 173.100
	   3.950	 188.200
	   4.200	 203.900
	   4.250	 206.700
	   4.750	 227.500
	   5.300	 251.900
	   5.950	 282.500
	   6.650	 317.500
	   7.300	 351.800
	   7.950	 388.000
	   8.500	 420.300
	   9.000	 451.100
	   9.400	 476.900
	   9.950	 506.000
	  10.400	 531.600
	  10.750	 552.900
	  11.100	 575.500
	  11.450	 599.700
	  11.800	 625.400
	  12.000	 640.800
	  12.050	 641.400
	  13.000	 641.400
	EndTable

End

	
	Name	_Name_____________NO_1_S_W_B_TK_(S)
	ProTank 0x41a0004
	Frame  15984474551263820624

UllageVolTable
	   0.000	   0.600
	   0.200	   6.400
	   0.450	  15.900
	   0.700	  27.000
	   1.050	  44.200
	   1.400	  63.100
	   1.550	  71.900
	   1.700	  78.400
	   2.100	  96.200
	   2.500	 115.800
	   2.950	 139.700
	   3.400	 165.300
	   3.850	 192.500
	   4.150	 211.300
	   4.200	 214.000
	   4.800	 239.200
	   5.350	 263.900
	   5.950	 292.300
	   6.550	 322.300
	   7.200	 356.500
	   7.800	 389.700
	   8.400	 424.700
	   8.900	 455.300
	   9.350	 484.300
	   9.900	 513.400
	  10.300	 536.000
	  10.700	 560.300
	  11.050	 582.900
	  11.400	 607.100
	  11.750	 632.800
	  11.950	 648.200
	  12.000	 648.700
	  13.000	 648.700
	EndTable

End

	
	Name	_Name_____________NO_2_DB_W_B_TK_(P)
	ProTank 0x41a0005
	Frame  13305362871398747487

UllageVolTable
	   0.000	   5.000
	   0.100	  19.800
	   0.200	  35.800
	   0.350	  61.300
	   0.500	  88.400
	   0.650	 116.700
	   0.850	 156.300
	   1.050	 197.100
	   1.200	 228.700
	   1.400	 272.100
	   1.550	 305.500
	   1.600	 308.900
	   4.000	 308.900
	EndTable

End

	
	Name	_Name_____________NO_2_DB_W_B_TK_(S)
	ProTank 0x41a0006
	Frame  13305362871398747487

UllageVolTable
	   0.000	   5.400
	   0.100	  21.500
	   0.200	  38.700
	   0.350	  66.200
	   0.500	  95.100
	   0.650	 125.400
	   0.800	 156.800
	   1.000	 199.900
	   1.200	 244.300
	   1.400	 290.300
	   1.550	 325.600
	   1.600	 329.200
	   4.000	 329.200
	EndTable

End

	
	Name	_Name_____________NO_2A_S_W_B_TK_(P)
	ProTank 0x41a0007
	Frame  13305362871147089503

UllageVolTable
	   0.000	   1.100
	   0.350	  13.500
	   0.700	  27.600
	   1.050	  43.200
	   1.450	  62.500
	   1.900	  86.100
	   2.400	 114.100
	   2.550	 122.900
	   2.650	 127.700
	   3.150	 150.500
	   3.700	 177.200
	   4.650	 225.600
	   5.200	 254.700
	   5.300	 258.500
	   5.950	 282.200
	   6.800	 315.300
	   7.750	 354.400
	   7.800	 356.500
	   9.050	 390.200
	  10.250	 424.400
	  10.400	 428.800
	  12.000	 428.900
	EndTable

End

	
	Name	_Name_____________NO_2A_S_W_B_TK_(S)
	ProTank 0x41a0008
	Frame  13305362871147089503

UllageVolTable
	   0.000	   0.800
	   0.300	  11.400
	   0.650	  25.200
	   1.000	  40.600
	   1.350	  57.200
	   1.700	  75.000
	   2.150	  99.500
	   2.600	 125.200
	   3.100	 147.800
	   3.650	 174.400
	   4.250	 205.100
	   4.950	 242.900
	   5.150	 254.100
	   5.200	 256.400
	   6.100	 289.400
	   6.800	 316.500
	   7.650	 351.400
	   7.800	 357.500
	   8.800	 384.100
	   9.950	 416.500
	  10.350	 428.200
	  10.400	 428.900
	  12.000	 428.900
	EndTable

End

	
	Name	_Name_____________NO_2F_S_W_B_TK_(P)
	ProTank 0x41a0009
	Frame  13305362871598108255

UllageVolTable
	   0.000	   2.400
	   0.400	  20.000
	   0.800	  39.400
	   1.200	  60.500
	   1.650	  86.100
	   2.100	 113.300
	   2.650	 148.700
	   2.750	 155.400
	   2.800	 158.000
	   3.250	 174.200
	   3.800	 195.600
	   4.350	 218.700
	   4.900	 243.400
	   5.400	 269.200
	   5.550	 277.000
	   6.150	 298.600
	   6.650	 318.100
	   7.150	 339.100
	   7.700	 363.800
	   8.100	 382.900
	   8.200	 386.700
	   8.700	 404.300
	   9.250	 425.400
	   9.800	 448.300
	  10.300	 470.700
	  10.700	 489.600
	  10.750	 490.700
	  12.000	 490.700
	EndTable

End

	
	Name	_Name_____________NO_2F_S_W_B_TK_(S)
	ProTank 0x41a000a
	Frame  13305362871598108255

UllageVolTable
	   0.000	   2.500
	   0.350	  17.500
	   0.700	  33.900
	   1.100	  54.300
	   1.550	  79.000
	   2.000	 105.400
	   2.500	 136.600
	   2.700	 149.700
	   2.800	 156.900
	   3.400	 180.800
	   3.950	 204.800
	   4.450	 228.200
	   4.950	 253.200
	   5.400	 276.800
	   5.950	 296.400
	   6.500	 317.800
	   7.050	 340.900
	   7.650	 368.100
	   8.000	 384.800
	   8.550	 404.000
	   9.100	 425.100
	   9.700	 450.100
	  10.250	 475.000
	  10.550	 489.300
	  10.600	 490.700
	  12.000	 490.700
	EndTable

End

	
	Name	_Name_____________NO_3_DB_W_B_TK_(P)
	ProTank 0x41a000b
	Frame  13305362871598435935

UllageVolTable
	   0.000	  12.000
	   0.100	  43.400
	   0.250	  92.300
	   0.400	 142.700
	   0.600	 211.700
	   0.800	 282.400
	   1.100	 390.300
	   1.350	 482.000
	   1.550	 556.400
	   1.600	 560.100
	   4.000	 560.100
	EndTable

End

	
	Name	_Name_____________NO_3_DB_W_B_TK_(S)
	ProTank 0x41a000c
	Frame  13305362871598435935

UllageVolTable
	   0.000	  12.300
	   0.100	  44.300
	   0.250	  94.200
	   0.450	 162.900
	   0.650	 233.700
	   0.800	 287.800
	   1.050	 379.100
	   1.300	 472.000
	   1.550	 566.500
	   1.600	 570.300
	   4.000	 570.300
	EndTable

End

	
	Name	_Name_____________NO_3_S_W_B_TK_(P)
	ProTank 0x41a000d
	Frame  13305362871147089759

UllageVolTable
	   0.000	   1.400
	   0.250	  16.000
	   0.550	  34.900
	   0.900	  58.500
	   1.350	  90.600
	   1.950	 135.500
	   2.600	 185.500
	   3.500	 241.900
	   4.900	 331.700
	  10.350	 685.700
	  10.400	 686.400
	  12.000	 686.400
	EndTable

End

	
	Name	_Name_____________NO_3_S_W_B_TK_(S)
	ProTank 0x41a000e
	Frame  13305362871147089759

UllageVolTable
	   0.000	   2.500
	   0.300	  20.300
	   0.600	  39.500
	   1.000	  66.900
	   1.500	 103.100
	   2.150	 152.300
	   2.550	 183.400
	   3.700	 255.900
	   5.200	 352.400
	  10.300	 683.700
	  10.350	 686.400
	  12.000	 686.400
	EndTable

End

	
	Name	_Name_____________NO_4A_DB_W_B_TK_(P)
	ProTank 0x41a000f
	Frame      0    0

UllageVolTable
	   0.000	   5.400
	   0.150	  23.300
	   0.300	  42.700
	   0.500	  70.300
	   0.700	  99.300
	   1.050	 152.400
	   1.300	 192.000
	   1.550	 233.100
	   1.850	 246.700
	   2.150	 261.800
	   2.500	 281.000
	   2.900	 304.800
	   3.300	 330.100
	   3.750	 360.200
	   4.150	 388.000
	   4.200	 388.700
	   6.000	 388.700
	EndTable

End

	
	Name	_Name_____________NO_4A_DB_W_B_TK_(S)
	ProTank 0x41a0010
	Frame  13305362871398747999

UllageVolTable
	   0.000	   4.200
	   0.100	  17.000
	   0.250	  37.700
	   0.450	  67.100
	   0.650	  98.100
	   1.000	 155.100
	   1.250	 197.400
	   1.500	 241.200
	   1.550	 250.100
	   1.600	 254.300
	   1.900	 268.100
	   2.200	 283.300
	   2.550	 302.700
	   2.950	 326.600
	   3.400	 355.400
	   3.950	 392.600
	   4.150	 406.600
	   4.200	 408.400
	   6.000	 408.400
	EndTable

End

	
	Name	_Name_____________NO_4F_DB_W_B_TK_(P)
	ProTank 0x41a0011
	Frame  13305362871598108767

UllageVolTable
	   0.000	   5.600
	   0.150	  28.100
	   0.350	  59.500
	   0.650	 108.700
	   1.000	 168.400
	   1.350	 229.800
	   1.550	 265.500
	   1.600	 268.200
	   2.050	 279.100
	   2.700	 297.100
	   3.900	 333.300
	   4.150	 341.000
	   4.200	 341.600
	   6.000	 341.600
	EndTable

End

	
	Name	_Name_____________NO_4F_DB_W_B_TK_(S)
	ProTank 0x41a0012
	Frame  13305362871598108767

UllageVolTable
	   0.000	   5.300
	   0.150	  28.600
	   0.350	  61.300
	   0.600	 103.800
	   0.900	 156.400
	   1.250	 219.600
	   1.550	 274.800
	   1.600	 278.200
	   2.050	 289.200
	   2.600	 304.300
	   3.550	 332.600
	   4.150	 351.100
	   4.200	 351.800
	   6.000	 351.800
	EndTable

End

	
	Name	_Name_____________NO_5_DB_W_B_TK_(P)
	ProTank 0x41a0013
	Frame  13305362871598436447

UllageVolTable
	   0.000	   2.100
	   0.150	  11.700
	   0.350	  26.500
	   0.550	  43.100
	   0.750	  61.100
	   0.950	  80.300
	   1.200	 106.000
	   1.450	 133.400
	   1.550	 144.700
	   1.600	 145.900
	   3.000	 145.900
	EndTable

End

	
	Name	_Name_____________NO_5_DB_W_B_TK_(S)
	ProTank 0x41a0014
	Frame  13305362871598436447

UllageVolTable
	   0.000	   1.900
	   0.150	  11.300
	   0.350	  26.100
	   0.550	  42.700
	   0.750	  60.600
	   1.000	  84.800
	   1.250	 110.800
	   1.500	 138.400
	   1.550	 144.200
	   1.600	 145.900
	   3.000	 145.900
	EndTable

End

	
	Name	_Name_____________F_O_SLUDGE_TK_(P)
	ProTank 0x41a0015
	Frame  13305362871147090271

UllageVolTable
	   0.000	   0.300
	   0.850	   6.200
	   1.680	   6.300
	EndTable

End

	
	Name	_Name_____________HFO_SERV_TK_(P)
	ProTank 0x41a0016
	Frame  13305362871147090271

UllageVolTable
	   0.000	   0.300
	   7.800	  62.100
	   8.260	  62.100
	EndTable

End

	
	Name	_name______________Heavy_Fuel_Oil_settling_tank_(P)
	ProTank 0x41a0017
	Frame  15984474551280532303

UllageVolTable
	   0.000	   0.300
	   7.800	  65.600
	   8.260	  65.600
	EndTable

End

	
	Name	_Name_____________NO_4A_S_F_O_TK_(P)
	ProTank 0x41a0018
	Frame  11791481271163091791

UllageVolTable
	   0.000	   1.000
	   0.600	  19.300
	   1.500	  48.700
	   5.700	 191.500
	   7.750	 261.600
	   7.850	 262.000
	   9.000	 262.000
	EndTable

End

	
	Name	_Name_____________NO_4A_S_F_O_TK_(S)
	ProTank 0x41a0019
	Frame  12142098872037801317

UllageVolTable
	   0.000	   1.200
	   0.600	  19.600
	   1.450	  47.400
	   7.700	 260.800
	   7.750	 262.000
	   9.000	 262.000
	EndTable

End

	
	Name	_Name_____________NO_4F_S_F_O_TK_(P)
	ProTank 0x41a001a
	Frame  13305362871598108767

UllageVolTable
	   0.000	   1.200
	   7.700	 238.500
	   7.750	 239.700
	   9.000	 239.700
	EndTable

End

	
	Name	_Name_____________NO_4F_S_F_O_TK_(S)
	ProTank 0x41a001b
	Frame  13305362871598108767

UllageVolTable
	   0.000	   1.200
	   7.700	 238.600
	   7.750	 239.700
	   9.000	 239.700
	EndTable

End

	
	Name	_Name_____________NO_5_S_F_O_TK_(P)
	ProTank 0x41a001c
	Frame  13305362871598436447

UllageVolTable
	   0.000	   2.300
	   0.300	  15.100
	   0.600	  29.500
	   0.950	  48.200
	   1.300	  68.800
	   1.650	  91.200
	   2.000	 115.300
	   2.350	 141.000
	   2.750	 172.200
	   2.900	 184.400
	   3.400	 211.400
	   3.850	 237.500
	   4.300	 265.600
	   4.800	 298.600
	   5.050	 316.000
	   5.500	 352.300
	   5.750	 373.000
	   5.900	 377.400
	   6.650	 398.900
	   8.250	 447.700
	  10.900	 529.400
	  10.950	 530.700
	  12.000	 530.700
	EndTable

End

	
	Name	_Name_____________NO_5_S_F_O_TK_(S)
	ProTank 0x41a001d
	Frame  13305362871598436447

UllageVolTable
	   0.000	   1.800
	   0.250	  13.900
	   0.500	  27.400
	   0.750	  42.200
	   1.050	  61.600
	   1.300	  79.200
	   1.600	 101.800
	   1.900	 125.900
	   2.250	 156.000
	   2.550	 183.200
	   2.600	 186.800
	   2.950	 208.100
	   3.250	 227.500
	   3.600	 251.600
	   4.000	 280.800
	   4.450	 315.500
	   4.950	 355.900
	   5.150	 372.600
	   5.200	 374.600
	   5.850	 392.800
	   7.100	 430.600
	   8.000	 458.000
	  10.350	 528.100
	  10.400	 529.700
	  10.450	 530.700
	  12.000	 530.700
	EndTable

End

	
	Name	_Name_____________MDO_SERV_TK_(P)
	ProTank 0x41a001e
	Frame  13305362871398748511

UllageVolTable
	   0.000	   0.300
	   3.250	  44.900
	   3.350	  45.300
	   3.760	  45.300
	EndTable

End

	
	Name	_Name_____________NO_1_MDO_STOR_TK_(P)
	ProTank 0x41a001f
	Frame  13305362871398748511

UllageVolTable
	   0.000	   0.000
	   0.400	   1.300
	   0.700	   3.600
	   1.050	   8.100
	   1.400	  14.200
	   1.800	  23.000
	   2.200	  33.400
	   2.400	  39.000
	   3.000	  39.000
	EndTable

End

	
	Name	_Name_____________NO_1_MDO_STOR_TK_(S)
	ProTank 0x41a0020
	Frame  11459213751163091791

UllageVolTable
	   0.000	   0.800
	   0.350	   4.700
	   0.700	   9.800
	   1.300	  20.300
	   2.050	  35.100
	   2.300	  39.200
	   3.000	  39.400
	EndTable

End

	
	Name	_Name_____________NO_2_MDO_STOR_TK(P)
	ProTank 0x41a0021
	Frame  13305362871298084191

UllageVolTable
	   0.000	   0.500
	   0.750	  15.900
	   3.100	  68.000
	   4.300	  94.600
	   5.110	  94.600
	EndTable

End

	
	Name	_Name_____________F_O_OVERFLOW_TK_(P)
	ProTank 0x41a0022
	Frame  13305362871298084191

UllageVolTable
	   0.000	   0.500
	   0.450	   4.100
	   1.800	  17.600
	   2.150	  19.600
	   3.000	  19.900
	EndTable

End

