

   TANK APT__A_P_TK_(C)
      7,682     0,000      0,00
      7,782     0,100      0,01
      7,882     0,200      0,06
      7,982     0,300      0,15
      8,082     0,400      0,30
      8,182     0,500      0,52
      8,282     0,600      0,85
      8,382     0,700      1,33
      8,482     0,800      2,10
      8,582     0,900      3,30
      8,682     1,000      5,01
      8,782     1,100      7,23
      8,882     1,200      9,87
      8,982     1,300     12,97
      9,082     1,400     16,57
      9,182     1,500     19,68
      9,282     1,600     24,47
      9,382     1,700     29,86
      9,482     1,800     35,86
      9,582     1,900     43,40
      9,682     2,000     51,66
      9,782     2,100     60,33
      9,882     2,200     70,45
      9,982     2,300     81,43
     10,082     2,400     93,23
     10,182     2,500    105,39
     10,282     2,600    118,07
     10,382     2,700    132,41
     10,482     2,800    147,74
     10,582     2,900    163,92
     10,682     3,000    180,88
     10,782     3,100    197,36
     10,882     3,200    214,30
     10,982     3,300    231,72
     11,082     3,400    249,33
     11,182     3,500    266,93
     11,282     3,600    284,54
     11,382     3,700    302,15
     11,482     3,800    319,76
     11,582     3,900    337,36
     11,682     4,000    354,97
     11,782     4,100    372,58
     11,882     4,200    390,18
     11,982     4,300    407,79
     12,082     4,400    425,40
     12,182     4,500    443,01
     12,282     4,600    460,61
     12,382     4,700    478,22
     12,482     4,800    495,83
     12,582     4,900    513,44
     12,682     5,000    531,04
     12,782     5,100    548,65
     12,850     5,168    560,62





TANK DBWB2P__NO_2DB_W_B_TK_(P)
     -0,008     0,000      0,00
      0,092     0,100     13,20
      0,192     0,200     28,72
      0,292     0,300     45,20
      0,392     0,400     62,47
      0,492     0,500     80,40
      0,592     0,600     98,93
      0,692     0,700    118,00
      0,792     0,800    137,58
      0,892     0,900    157,63
      0,992     1,000    177,87
      1,092     1,100    198,46
      1,192     1,200    219,44
      1,292     1,300    240,81
      1,392     1,400    262,54
      1,492     1,500    284,61
      1,600     1,608    308,89






TANK DBWB2S__NO_2DB_W_B_TK_(S)
     -0,008     0,000      0,00
      0,092     0,100     14,49
      0,192     0,200     31,28
      0,292     0,300     49,05
      0,392     0,400     67,58
      0,492     0,500     86,79
      0,592     0,600    106,59
      0,692     0,700    126,94
      0,792     0,800    147,80
      0,892     0,900    169,12
      0,992     1,000    190,63
      1,092     1,100    212,50
      1,192     1,200    234,75
      1,292     1,300    257,39
      1,392     1,400    280,39
      1,492     1,500    303,74
      1,600     1,608    329,22



TANK DBWB3P_TANK_NO_3DB_W_B_TK_(P)
     -0,000     0,000      0,00
      0,100     0,100     30,74
      0,200     0,200     62,80
      0,300     0,300     95,66
      0,400     0,400    129,17
      0,500     0,500    163,23
      0,600     0,600    197,79
      0,700     0,700    232,79
      0,800     0,800    268,17
      0,900     0,900    303,90
      1,000     1,000    339,68
      1,100     1,100    375,77
      1,200     1,200    412,14
      1,300     1,300    448,78
      1,400     1,400    485,67
      1,600     1,600    560,11


TANK DBWB3S_TANK_NO_3DB_W_B_TK_(S)
     -0,000     0,000      0,00
      0,100     0,100     31,37
      0,200     0,200     64,07
      0,300     0,300     97,57
      0,400     0,400    131,71
      0,500     0,500    166,41
      0,600     0,600    201,61
      0,700     0,700    237,23
      0,800     0,800    273,25
      0,900     0,900    309,62
      1,000     1,000    346,04
      1,100     1,100    382,76
      1,200     1,200    419,77
      1,300     1,300    457,04
      1,400     1,400    494,56
      1,600     1,600    570,28

  TANK DBWB4AP__NO_4ADB_W_B_TK_(P)
     -0,000     0,000      0,00
      0,100     0,100     11,17
      0,200     0,200     23,34
      0,300     0,300     36,15
      0,400     0,400     49,47
      0,500     0,500     63,23
      0,600     0,600     77,38
      0,700     0,700     91,89
      0,800     0,800    106,74
      0,900     0,900    121,89
      1,000     1,000    137,02
      1,100     1,100    152,42
      1,200     1,200    168,09
      1,300     1,300    184,00
      1,400     1,400    200,14
      1,500     1,500    216,50
      1,600     1,600    233,07
      1,700     1,700    237,42
      1,800     1,800    241,95
      1,900     1,900    246,66
      2,000     2,000    251,54
      2,100     2,100    256,58
      2,200     2,200    261,76
      2,300     2,300    267,09
      2,400     2,400    272,56
      2,500     2,500    278,16
      2,600     2,600    283,88
      2,700     2,700    289,71
      2,800     2,800    295,66
      2,900     2,900    301,71
      3,000     3,000    307,86
      3,100     3,100    314,11
      3,200     3,200    320,45
      3,300     3,300    326,87
      3,400     3,400    333,38
      3,500     3,500    339,97
      3,600     3,600    346,63
      3,700     3,700    353,36
      3,800     3,800    360,16
      3,900     3,900    367,02
      4,000     4,000    373,95
      4,100     4,100    380,93
      4,200     4,200    387,96
      4,210     4,210    388,67


 TANK DBWB4AS__NO_4ADB_W_B_TK_(S)
     -0,000     0,000      0,00
      0,100     0,100     12,41
      0,200     0,200     25,81
      0,300     0,300     39,85
      0,400     0,400     54,40
      0,500     0,500     69,39
      0,600     0,600     84,77
      0,700     0,700    100,52
      0,800     0,800    116,60
      0,900     0,900    132,98
      1,000     1,000    149,34
      1,100     1,100    165,98
      1,200     1,200    182,88
      1,300     1,300    200,02
      1,400     1,400    217,39
      1,500     1,500    234,99
      1,600     1,600    252,79
      1,700     1,700    257,14
      1,800     1,800    261,67
      1,900     1,900    266,38
      2,000     2,000    271,26
      2,100     2,100    276,29
      2,200     2,200    281,48
      2,300     2,300    286,81
      2,400     2,400    292,28
      2,500     2,500    297,88
      2,600     2,600    303,59
      2,700     2,700    309,43
      2,800     2,800    315,37
      2,900     2,900    321,43
      3,000     3,000    327,58
      3,100     3,100    333,83
      3,200     3,200    340,16
      3,300     3,300    346,59
      3,400     3,400    353,10
      3,500     3,500    359,69
      3,600     3,600    366,35
      3,700     3,700    373,08
      3,800     3,800    379,88
      3,900     3,900    386,74
      4,000     4,000    393,67
      4,100     4,100    400,65
      4,200     4,200    407,68
      4,210     4,210    408,39


TANK DBWB4FP__NO_4FDB_W_B_TK_(P)
     -0,000     0,000      0,00
      0,100     0,100     14,45
      0,200     0,200     29,60
      0,300     0,300     45,18
      0,400     0,400     61,10
      0,500     0,500     77,30
      0,600     0,600     93,75
      0,700     0,700    110,42
      0,800     0,800    127,28
      0,900     0,900    144,31
      1,000     1,000    161,50
      1,100     1,100    178,83
      1,200     1,200    196,29
      1,300     1,300    213,87
      1,400     1,400    231,57
      1,500     1,500    249,37
      1,600     1,600    267,26
      1,700     1,700    269,53
      1,800     1,800    271,89
      1,900     1,900    274,32
      2,000     2,000    276,82
      2,100     2,100    279,39
      2,200     2,200    282,03
      2,300     2,300    284,72
      2,400     2,400    287,46
      2,500     2,500    290,26
      2,600     2,600    293,09
      2,700     2,700    295,97
      2,800     2,800    298,88
      2,900     2,900    301,81
      3,000     3,000    304,77
      3,100     3,100    307,75
      3,200     3,200    310,75
      3,300     3,300    313,77
      3,400     3,400    316,80
      3,500     3,500    319,84
      3,600     3,600    322,89
      3,700     3,700    325,95
      3,800     3,800    329,02
      3,900     3,900    332,09
      4,000     4,000    335,16
      4,100     4,100    338,24
      4,200     4,200    341,32
      4,210     4,210    341,62


 TANK DBWB4FS__NO_4FDB_W_B_TK_(S)
     -0,000     0,000      0,00
      0,100     0,100     15,08
      0,200     0,200     30,87
      0,300     0,300     47,09
      0,400     0,400     63,64
      0,500     0,500     80,48
      0,600     0,600     97,57
      0,700     0,700    114,87
      0,800     0,800    132,36
      0,900     0,900    150,03
      1,000     1,000    167,85
      1,100     1,100    185,82
      1,200     1,200    203,92
      1,300     1,300    222,14
      1,400     1,400    240,47
      1,500     1,500    258,90
      1,600     1,600    277,43
      1,700     1,700    279,70
      1,800     1,800    282,06
      1,900     1,900    284,49
      2,000     2,000    286,99
      2,100     2,100    289,56
      2,200     2,200    292,19
      2,300     2,300    294,89
      2,400     2,400    297,63
      2,500     2,500    300,42
      2,600     2,600    303,26
      2,700     2,700    306,13
      2,800     2,800    309,04
      2,900     2,900    311,98
      3,000     3,000    314,94
      3,100     3,100    317,92
      3,200     3,200    320,92
      3,300     3,300    323,94
      3,400     3,400    326,97
      3,500     3,500    330,01
      3,600     3,600    333,06
      3,700     3,700    336,12
      3,800     3,800    339,18
      3,900     3,900    342,25
      4,000     4,000    345,33
      4,100     4,100    348,40
      4,200     4,200    351,48
      4,210     4,210    351,79



TANK DBWB5P__NO_5DB_W_B_TK_(P)
     -0,000     0,000      0,00
      0,100     0,100      5,74
      0,200     0,200     12,38
      0,300     0,300     19,60
      0,400     0,400     27,31
      0,500     0,500     35,44
      0,600     0,600     43,95
      0,700     0,700     52,81
      0,800     0,800     62,00
      0,900     0,900     71,50
      1,000     1,000     81,31
      1,100     1,100     91,40
      1,200     1,200    101,78
      1,300     1,300    112,42
      1,400     1,400    123,32
      1,600     1,600    145,89



 TANK DBWB5S__NO_5DB_W_B_TK_(S)
     -0,000     0,000      0,00
      0,100     0,100      5,74
      0,200     0,200     12,38
      0,300     0,300     19,60
      0,400     0,400     27,31
      0,500     0,500     35,44
      0,600     0,600     43,95
      0,700     0,700     52,81
      0,800     0,800     62,00
      0,900     0,900     71,50
      1,000     1,000     81,31
      1,100     1,100     91,40
      1,200     1,200    101,78
      1,300     1,300    112,42
      1,400     1,400    123,32
      1,600     1,600    145,89


TANK FPT__F_P_TK_(C)
      0,027     0,000      0,00
      0,127     0,100      0,04
      0,227     0,200      0,20
      0,327     0,300      0,47
      0,427     0,400      0,87
      0,527     0,500      1,38
      0,627     0,600      2,02
      0,727     0,700      2,78
      0,827     0,800      3,66
      0,927     0,900      4,66
      1,027     1,000      5,79
      1,127     1,100      7,03
      1,227     1,200      8,41
      1,327     1,300      9,91
      1,427     1,400     11,55
      1,527     1,500     13,33
      1,627     1,600     15,22
      1,727     1,700     17,26
      1,827     1,800     19,42
      1,927     1,900     21,73
      2,027     2,000     24,17
      2,127     2,100     26,73
      2,227     2,200     29,42
      2,327     2,300     32,25
      2,427     2,400     35,22
      2,527     2,500     38,33
      2,627     2,600     41,57
      2,727     2,700     44,96
      2,827     2,800     48,45
      2,927     2,900     52,07
      3,027     3,000     55,84
      3,127     3,100     59,75
      3,227     3,200     63,79
      3,327     3,300     67,97
      3,427     3,400     72,29
      3,527     3,500     76,74
      3,627     3,600     81,34
      3,727     3,700     86,04
      3,827     3,800     90,86
      3,927     3,900     95,82
      4,027     4,000    100,93
      4,127     4,100    106,17
      4,227     4,200    111,54
      4,327     4,300    117,03
      4,427     4,400    122,65
      4,527     4,500    128,40
      4,627     4,600    134,28
      4,727     4,700    140,27
      4,827     4,800    146,38
      4,927     4,900    152,59
      5,027     5,000    158,91
      5,127     5,100    165,31
      5,227     5,200    171,81
      5,327     5,300    178,41
      5,427     5,400    185,11

      5,527     5,500    191,88
      5,627     5,600    198,73
      5,727     5,700    205,65
      5,827     5,800    212,63
      5,927     5,900    219,65
      6,027     6,000    226,72
      6,127     6,100    233,81
      6,227     6,200    240,93
      6,327     6,300    248,07
      6,427     6,400    255,20
      6,527     6,500    262,33
      6,627     6,600    269,44
      6,727     6,700    276,50
      6,827     6,800    283,49
      6,927     6,900    290,40
      7,027     7,000    297,24
      7,127     7,100    304,01
      7,227     7,200    310,69
      7,327     7,300    317,23
      7,427     7,400    323,64
      7,527     7,500    329,88
      7,627     7,600    335,95
      7,727     7,700    341,83
      7,827     7,800    347,50
      7,927     7,900    352,94
      8,027     8,000    358,14
      8,127     8,100    363,10
      8,227     8,200    367,80
      8,327     8,300    372,22
      8,427     8,400    376,38
      8,527     8,500    380,34
      8,627     8,600    384,01
      8,727     8,700    387,34
      8,827     8,800    390,11
      8,927     8,900    392,58
      9,027     9,000    394,43
      9,127     9,100    396,47
      9,227     9,200    398,44
      9,327     9,300    400,36
      9,427     9,400    402,24
      9,527     9,500    404,01
      9,627     9,600    405,75
      9,727     9,700    407,48
      9,827     9,800    409,19
      9,927     9,900    410,90
     10,027    10,000    412,71
     10,127    10,100    414,44
     10,227    10,200    416,19
     10,327    10,300    417,94
     10,427    10,400    419,71
     10,527    10,500    421,51
     10,627    10,600    423,32
     10,727    10,700    425,17
     10,827    10,800    426,96
     10,927    10,900    428,88
     11,027    11,000    430,84
     11,127    11,100    432,85
     11,227    11,200    434,91
     11,327    11,300    437,04
     11,427    11,400    439,23
     11,527    11,500    441,50
     11,627    11,600    443,84
     11,727    11,700    446,26
     11,827    11,800    448,78
     11,927    11,900    451,39
     12,027    12,000    453,72
     12,127    12,100    455,59
     12,227    12,200    457,57
     12,327    12,300    459,65
     12,427    12,400    461,82
     12,527    12,500    464,07
     12,627    12,600    466,43
     12,727    12,700    468,87
     12,827    12,800    471,62
     12,927    12,900    474,74
     13,027    13,000    477,99
     13,127    13,100    481,35
     13,227    13,200    484,27
     13,327    13,300    487,88
     13,427    13,400    491,64
     13,527    13,500    495,55
     13,627    13,600    499,62
     13,727    13,700    503,84
     13,827    13,800    508,23
     13,927    13,900    512,79
     14,027    14,000    517,53
     14,127    14,100    522,47
     14,227    14,200    527,60
     14,327    14,300    532,92
     14,427    14,400    538,44
     14,527    14,500    544,17
     14,627    14,600    550,11
     14,727    14,700    556,27
     14,827    14,800    562,67
     14,927    14,900    569,30
     15,027    15,000    576,15
     15,127    15,100    583,24
     15,227    15,200    590,57
     15,327    15,300    598,12
     15,427    15,400    605,91
     15,527    15,500    613,95
     15,627    15,600    622,24
     15,727    15,700    630,79
     15,827    15,800    639,58
     15,927    15,900    648,64
     16,027    16,000    657,95
     16,127    16,100    667,54
     16,227    16,200    677,39
     16,327    16,300    687,35
     16,427    16,400    697,73
     16,527    16,500    708,40
     16,627    16,600    719,35
     16,727    16,700    730,60
     16,827    16,800    742,13
     16,927    16,900    753,94
     17,027    17,000    766,05
     17,150    17,123    781,32


TANK SWB1P__NO_1S_W_B_TK_(P)
     -0,000     0,000      0,00
      0,100     0,100      2,01
      0,200     0,200      4,58
      0,300     0,300      7,51
      0,400     0,400     10,73
      0,500     0,500     14,20
      0,600     0,600     17,92
      0,700     0,700     21,86
      0,800     0,800     26,02
      0,900     0,900     30,38
      1,000     1,000     34,94
      1,100     1,100     39,68
      1,200     1,200     44,59
      1,300     1,300     49,66
      1,400     1,400     54,89
      1,500     1,500     60,27
      1,600     1,600     65,79
      1,700     1,700     69,89
      1,800     1,800     74,12
      1,900     1,900     78,48
      2,000     2,000     82,96
      2,100     2,100     87,56
      2,200     2,200     92,27
      2,300     2,300     97,08
      2,400     2,400    102,00
      2,500     2,500    107,03
      2,600     2,600    112,15
      2,700     2,700    117,37
      2,800     2,800    122,68
      2,900     2,900    128,08
      3,000     3,000    133,56
      3,100     3,100    139,14
      3,200     3,200    144,79
      3,300     3,300    150,52
      3,400     3,400    156,33
      3,500     3,500    162,22
      3,600     3,600    168,18
      3,700     3,700    174,21
      3,800     3,800    180,30
      3,900     3,900    186,47
      4,000     4,000    192,69
      4,100     4,100    198,98
      4,200     4,200    205,33
      4,300     4,300    209,60
      4,400     4,400    213,70
      4,500     4,500    217,86
      4,600     4,600    222,07
      4,700     4,700    226,33
      4,800     4,800    230,64
      4,900     4,900    235,00
      5,000     5,000    239,41
      5,100     5,100    243,87
      5,200     5,200    248,38
      5,300     5,300    252,94
      5,400     5,400    257,54


      5,500     5,500    262,18
      5,600     5,600    266,87
      5,700     5,700    271,60
      5,800     5,800    276,38
      5,900     5,900    281,19
      6,000     6,000    286,05
      6,100     6,100    290,96
      6,200     6,200    295,90
      6,300     6,300    300,88
      6,400     6,400    305,91
      6,500     6,500    310,98
      6,600     6,600    316,09
      6,700     6,700    321,24
      6,800     6,800    326,43
      6,900     6,900    331,67
      7,000     7,000    336,95
      7,100     7,100    342,27
      7,200     7,200    347,63
      7,300     7,300    353,04
      7,400     7,400    358,49
      7,500     7,500    363,99
      7,600     7,600    369,54
      7,700     7,700    375,13
      7,800     7,800    380,76
      7,900     7,900    386,45
      8,000     8,000    392,18
      8,100     8,100    397,97
      8,200     8,200    403,81
      8,300     8,300    409,69
      8,400     8,400    415,64
      8,500     8,500    421,63
      8,600     8,600    427,69
      8,700     8,700    433,80
      8,800     8,800    439,97
      8,900     8,900    446,20
      9,000     9,000    452,50
      9,100     9,100    458,87
      9,200     9,200    465,30
      9,300     9,300    471,81
      9,400     9,400    478,29
      9,500     9,500    483,38
      9,600     9,600    488,54
      9,700     9,700    493,78
      9,800     9,800    499,11
      9,900     9,900    504,51
     10,000    10,000    510,01
     10,100    10,100    515,59
     10,200    10,200    521,26
     10,300    10,300    527,03
     10,400    10,400    532,90
     10,500    10,500    538,87
     10,600    10,600    544,94
     10,700    10,700    551,13
     10,800    10,800    557,43
     10,900    10,900    563,84
     11,000    11,000    570,37
     11,100    11,100    577,03
     11,200    11,200    583,80
     11,300    11,300    590,69
     11,400    11,400    597,71
     11,500    11,500    604,86
     11,600    11,600    612,13


     11,700    11,700    619,53
     11,800    11,800    627,07
     11,900    11,900    634,74
     11,986    11,986    641,44


  TANK SWB1S__NO_1S_W_B_TK_(S)
     -0,000     0,000      0,00
      0,100     0,100      2,40
      0,200     0,200      5,43
      0,300     0,300      8,87
      0,400     0,400     12,64
      0,500     0,500     16,70
      0,600     0,600     21,02
      0,700     0,700     25,58
      0,800     0,800     30,36
      0,900     0,900     35,20
      1,000     1,000     40,11
      1,100     1,100     45,19
      1,200     1,200     50,45
      1,300     1,300     55,87
      1,400     1,400     61,45
      1,500     1,500     67,17
      1,600     1,600     73,04
      1,700     1,700     77,14
      1,800     1,800     81,38
      1,900     1,900     85,73
      2,000     2,000     90,21
      2,100     2,100     94,81
      2,200     2,200     99,52
      2,300     2,300    104,33
      2,400     2,400    109,26
      2,500     2,500    114,28
      2,600     2,600    119,40
      2,700     2,700    124,62
      2,800     2,800    129,93
      2,900     2,900    135,33
      3,000     3,000    140,82
      3,100     3,100    146,39
      3,200     3,200    152,04
      3,300     3,300    157,77
      3,400     3,400    163,58
      3,500     3,500    169,47
      3,600     3,600    175,43
      3,700     3,700    181,46
      3,800     3,800    187,56
      3,900     3,900    193,72
      4,000     4,000    199,94
      4,100     4,100    206,23
      4,200     4,200    212,58
      4,300     4,300    216,86
      4,400     4,400    220,96
      4,500     4,500    225,11
      4,600     4,600    229,32
      4,700     4,700    233,58
      4,800     4,800    237,89
      4,900     4,900    242,25
      5,000     5,000    246,67
      5,100     5,100    251,13
      5,200     5,200    255,63
      5,300     5,300    260,19
      5,400     5,400    264,79


      5,500     5,500    269,43
      5,600     5,600    274,12
      5,700     5,700    278,85
      5,800     5,800    283,63
      5,900     5,900    288,45
      6,000     6,000    293,31
      6,100     6,100    298,21
      6,200     6,200    303,15
      6,300     6,300    308,14
      6,400     6,400    313,16
      6,500     6,500    318,23
      6,600     6,600    323,34
      6,700     6,700    328,49
      6,800     6,800    333,69
      6,900     6,900    338,92
      7,000     7,000    344,20
      7,100     7,100    349,52
      7,200     7,200    354,89
      7,300     7,300    360,30
      7,400     7,400    365,75
      7,500     7,500    371,24
      7,600     7,600    376,79
      7,700     7,700    382,38
      7,800     7,800    388,02
      7,900     7,900    393,70
      8,000     8,000    399,44
      8,100     8,100    405,22
      8,200     8,200    411,06
      8,300     8,300    416,95
      8,400     8,400    422,89
      8,500     8,500    428,89
      8,600     8,600    434,94
      8,700     8,700    441,05
      8,800     8,800    447,22
      8,900     8,900    453,46
      9,000     9,000    459,76
      9,100     9,100    466,12
      9,200     9,200    472,56
      9,300     9,300    479,06
      9,400     9,400    485,54
      9,500     9,500    490,63
      9,600     9,600    495,79
      9,700     9,700    501,03
      9,800     9,800    506,36
      9,900     9,900    511,77
     10,000    10,000    517,26
     10,100    10,100    522,84
     10,200    10,200    528,52
     10,300    10,300    534,28
     10,400    10,400    540,15
     10,500    10,500    546,12
     10,600    10,600    552,20
     10,700    10,700    558,38
     10,800    10,800    564,68
     10,900    10,900    571,10
     11,000    11,000    577,63
     11,100    11,100    584,28
     11,200    11,200    591,05
     11,300    11,300    597,94
     11,400    11,400    604,96
     11,500    11,500    612,11
     11,600    11,600    619,38


     11,700    11,700    626,79
     11,800    11,800    634,32
     11,900    11,900    641,99
     11,986    11,986    648,69

 TANK SWB2AP__NO_2AS_W_B_TK_(P)
      1,600     0,000      0,00
      1,700     0,100      3,32
      1,800     0,200      6,80
      1,900     0,300     10,42
      2,000     0,400     14,17
      2,100     0,500     18,06
      2,200     0,600     22,08
      2,300     0,700     26,23
      2,400     0,800     30,49
      2,500     0,900     34,87
      2,600     1,000     39,37
      2,700     1,100     43,97
      2,800     1,200     48,67
      2,900     1,300     53,48
      3,000     1,400     58,38
      3,100     1,500     63,38
      3,200     1,600     68,47
      3,300     1,700     73,65
      3,400     1,800     78,92
      3,500     1,900     84,28
      3,600     2,000     89,71
      3,700     2,100     95,23
      3,800     2,200    100,82
      3,900     2,300    106,49
      4,000     2,400    112,23
      4,100     2,500    118,05
      4,200     2,600    123,93
      4,300     2,700    128,46
      4,400     2,800    132,91
      4,500     2,900    137,42
      4,600     3,000    141,99
      4,700     3,100    146,62
      4,800     3,200    151,31
      4,900     3,300    156,06
      5,000     3,400    160,87
      5,100     3,500    165,72
      5,200     3,600    170,63
      5,300     3,700    175,60
      5,400     3,800    180,61
      5,500     3,900    185,67
      5,600     4,000    190,78
      5,700     4,100    195,94
      5,800     4,200    201,14
      5,900     4,300    206,39
      6,000     4,400    211,68
      6,100     4,500    217,01
      6,200     4,600    222,38
      6,300     4,700    227,80
      6,400     4,800    233,25
      6,500     4,900    238,74
      6,600     5,000    244,28
      6,700     5,100    249,84
      6,800     5,200    255,45
      6,900     5,300    259,04
      7,000     5,400    262,63


      7,100     5,500    266,25
      7,200     5,600    269,90
      7,300     5,700    273,59
      7,400     5,800    277,30
      7,500     5,900    281,05
      7,600     6,000    284,83
      7,700     6,100    288,64
      7,800     6,200    292,48
      7,900     6,300    296,34
      8,000     6,400    300,23
      8,100     6,500    304,15
      8,200     6,600    308,10
      8,300     6,700    312,07
      8,400     6,800    316,07
      8,500     6,900    320,09
      8,600     7,000    324,14
      8,700     7,100    328,21
      8,800     7,200    332,30
      8,900     7,300    336,41
      9,000     7,400    340,55
      9,100     7,500    344,71
      9,200     7,600    348,89
      9,300     7,700    353,09
      9,400     7,800    357,21
      9,500     7,900    359,80
      9,600     8,000    362,40
      9,700     8,100    365,02
      9,800     8,200    367,66
      9,900     8,300    370,32
     10,000     8,400    372,99
     10,100     8,500    375,68
     10,200     8,600    378,38
     10,300     8,700    381,10
     10,400     8,800    383,83
     10,500     8,900    386,58
     10,600     9,000    389,35
     10,700     9,100    392,12
     10,800     9,200    394,91
     10,900     9,300    397,72
     11,000     9,400    400,53
     11,100     9,500    403,36
     11,200     9,600    406,20
     11,300     9,700    409,06
     11,400     9,800    411,92
     11,500     9,900    414,80
     11,600    10,000    417,69
     11,700    10,100    420,59
     11,800    10,200    423,50
     11,900    10,300    426,42
     11,986    10,386    428,94


TANK SWB2AS__NO_2AS_W_B_TK_(S)
      1,600     0,000      0,00
      1,700     0,100      3,32
      1,800     0,200      6,80
      1,900     0,300     10,42
      2,000     0,400     14,17
      2,100     0,500     18,06
      2,200     0,600     22,08
      2,300     0,700     26,23
      2,400     0,800     30,49
      2,500     0,900     34,87
      2,600     1,000     39,37
      2,700     1,100     43,97
      2,800     1,200     48,67
      2,900     1,300     53,48
      3,000     1,400     58,38
      3,100     1,500     63,38
      3,200     1,600     68,47
      3,300     1,700     73,65
      3,400     1,800     78,92
      3,500     1,900     84,28
      3,600     2,000     89,71
      3,700     2,100     95,23
      3,800     2,200    100,82
      3,900     2,300    106,49
      4,000     2,400    112,23
      4,100     2,500    118,05
      4,200     2,600    123,93
      4,300     2,700    128,46
      4,400     2,800    132,91
      4,500     2,900    137,42
      4,600     3,000    141,99
      4,700     3,100    146,62
      4,800     3,200    151,31
      4,900     3,300    156,06
      5,000     3,400    160,87
      5,100     3,500    165,72
      5,200     3,600    170,63
      5,300     3,700    175,60
      5,400     3,800    180,61
      5,500     3,900    185,67
      5,600     4,000    190,78
      5,700     4,100    195,94
      5,800     4,200    201,14
      5,900     4,300    206,39
      6,000     4,400    211,68
      6,100     4,500    217,01
      6,200     4,600    222,38
      6,300     4,700    227,80
      6,400     4,800    233,25
      6,500     4,900    238,74
      6,600     5,000    244,28
      6,700     5,100    249,84
      6,800     5,200    255,45
      6,900     5,300    259,04
      7,000     5,400    262,63


      7,100     5,500    266,25
      7,200     5,600    269,90
      7,300     5,700    273,59
      7,400     5,800    277,30
      7,500     5,900    281,05
      7,600     6,000    284,83
      7,700     6,100    288,64
      7,800     6,200    292,48
      7,900     6,300    296,34
      8,000     6,400    300,23
      8,100     6,500    304,15
      8,200     6,600    308,10
      8,300     6,700    312,07
      8,400     6,800    316,07
      8,500     6,900    320,09
      8,600     7,000    324,14
      8,700     7,100    328,21
      8,800     7,200    332,30
      8,900     7,300    336,41
      9,000     7,400    340,55
      9,100     7,500    344,71
      9,200     7,600    348,89
      9,300     7,700    353,09
      9,400     7,800    357,21
      9,500     7,900    359,80
      9,600     8,000    362,40
      9,700     8,100    365,02
      9,800     8,200    367,66
      9,900     8,300    370,32
     10,000     8,400    372,99
     10,100     8,500    375,68
     10,200     8,600    378,38
     10,300     8,700    381,10
     10,400     8,800    383,83
     10,500     8,900    386,58
     10,600     9,000    389,35
     10,700     9,100    392,12
     10,800     9,200    394,91
     10,900     9,300    397,72
     11,000     9,400    400,53
     11,100     9,500    403,36
     11,200     9,600    406,20
     11,300     9,700    409,06
     11,400     9,800    411,92
     11,500     9,900    414,80
     11,600    10,000    417,69
     11,700    10,100    420,59
     11,800    10,200    423,50
     11,900    10,300    426,42
     11,986    10,386    428,94

 TANK SWB2FP__NO_2FS_W_B_TK_(P)
      1,600     0,000      0,00
      1,700     0,100      4,48
      1,800     0,200      9,12
      1,900     0,300     13,91
      2,000     0,400     18,84
      2,100     0,500     23,91
      2,200     0,600     29,11
      2,300     0,700     34,45
      2,400     0,800     39,92
      2,500     0,900     45,50
      2,600     1,000     51,21
      2,700     1,100     57,04
      2,800     1,200     62,98
      2,900     1,300     69,02
      3,000     1,400     75,18
      3,100     1,500     81,44
      3,200     1,600     87,80
      3,300     1,700     94,26
      3,400     1,800    100,82
      3,500     1,900    107,47
      3,600     2,000    114,22
      3,700     2,100    121,05
      3,800     2,200    127,97
      3,900     2,300    134,97
      4,000     2,400    142,06
      4,100     2,500    149,22
      4,200     2,600    156,47
      4,300     2,700    160,60
      4,400     2,800    164,45
      4,500     2,900    168,37
      4,600     3,000    172,37
      4,700     3,100    176,43
      4,800     3,200    180,57
      4,900     3,300    184,77
      5,000     3,400    189,04
      5,100     3,500    193,38
      5,200     3,600    197,78
      5,300     3,700    202,25
      5,400     3,800    206,78
      5,500     3,900    211,37
      5,600     4,000    216,03
      5,700     4,100    220,74
      5,800     4,200    225,52
      5,900     4,300    230,35
      6,000     4,400    235,25
      6,100     4,500    240,20
      6,200     4,600    245,22
      6,300     4,700    250,29
      6,400     4,800    255,42
      6,500     4,900    260,61
      6,600     5,000    265,86
      6,700     5,100    271,16
      6,800     5,200    276,53
      6,900     5,300    280,01
      7,000     5,400    283,51


      7,100     5,500    287,06
      7,200     5,600    290,68
      7,300     5,700    294,35
      7,400     5,800    298,08
      7,500     5,900    301,86
      7,600     6,000    305,71
      7,700     6,100    309,60
      7,800     6,200    313,56
      7,900     6,300    317,57
      8,000     6,400    321,65
      8,100     6,500    325,77
      8,200     6,600    329,96
      8,300     6,700    334,20
      8,400     6,800    338,50
      8,500     6,900    342,86
      8,600     7,000    347,27
      8,700     7,100    351,74
      8,800     7,200    356,27
      8,900     7,300    360,86
      9,000     7,400    365,50
      9,100     7,500    370,21
      9,200     7,600    374,97
      9,300     7,700    379,79
      9,400     7,800    384,57
      9,500     7,900    387,94
      9,600     8,000    391,36
      9,700     8,100    394,85
      9,800     8,200    398,39
      9,900     8,300    401,99
     10,000     8,400    405,65
     10,100     8,500    409,37
     10,200     8,600    413,16
     10,300     8,700    417,00
     10,400     8,800    420,89
     10,500     8,900    424,85
     10,600     9,000    428,87
     10,700     9,100    432,95
     10,800     9,200    437,09
     10,900     9,300    441,29
     11,000     9,400    445,55
     11,100     9,500    449,87
     11,200     9,600    454,24
     11,300     9,700    458,68
     11,400     9,800    463,17
     11,500     9,900    467,73
     11,600    10,000    472,34
     11,700    10,100    477,01
     11,800    10,200    481,74
     11,900    10,300    486,53
     11,986    10,386    490,70


 TANK SWB2FS__NO_2FS_W_B_TK_(S)
      1,600     0,000      0,00
      1,700     0,100      4,48
      1,800     0,200      9,12
      1,900     0,300     13,91
      2,000     0,400     18,84
      2,100     0,500     23,91
      2,200     0,600     29,11
      2,300     0,700     34,45
      2,400     0,800     39,92
      2,500     0,900     45,50
      2,600     1,000     51,21
      2,700     1,100     57,04
      2,800     1,200     62,98
      2,900     1,300     69,02
      3,000     1,400     75,18
      3,100     1,500     81,44
      3,200     1,600     87,80
      3,300     1,700     94,26
      3,400     1,800    100,82
      3,500     1,900    107,47
      3,600     2,000    114,22
      3,700     2,100    121,05
      3,800     2,200    127,97
      3,900     2,300    134,97
      4,000     2,400    142,06
      4,100     2,500    149,22
      4,200     2,600    156,47
      4,300     2,700    160,60
      4,400     2,800    164,45
      4,500     2,900    168,37
      4,600     3,000    172,37
      4,700     3,100    176,43
      4,800     3,200    180,57
      4,900     3,300    184,77
      5,000     3,400    189,04
      5,100     3,500    193,38
      5,200     3,600    197,78
      5,300     3,700    202,25
      5,400     3,800    206,78
      5,500     3,900    211,37
      5,600     4,000    216,03
      5,700     4,100    220,74
      5,800     4,200    225,52
      5,900     4,300    230,35
      6,000     4,400    235,25
      6,100     4,500    240,20
      6,200     4,600    245,22
      6,300     4,700    250,29
      6,400     4,800    255,42
      6,500     4,900    260,61
      6,600     5,000    265,86
      6,700     5,100    271,16
      6,800     5,200    276,53
      6,900     5,300    280,01
      7,000     5,400    283,51


      7,100     5,500    287,06
      7,200     5,600    290,68
      7,300     5,700    294,35
      7,400     5,800    298,08
      7,500     5,900    301,86
      7,600     6,000    305,71
      7,700     6,100    309,60
      7,800     6,200    313,56
      7,900     6,300    317,57
      8,000     6,400    321,65
      8,100     6,500    325,77
      8,200     6,600    329,96
      8,300     6,700    334,20
      8,400     6,800    338,50
      8,500     6,900    342,86
      8,600     7,000    347,27
      8,700     7,100    351,74
      8,800     7,200    356,27
      8,900     7,300    360,86
      9,000     7,400    365,50
      9,100     7,500    370,21
      9,200     7,600    374,97
      9,300     7,700    379,79
      9,400     7,800    384,57
      9,500     7,900    387,94
      9,600     8,000    391,36
      9,700     8,100    394,85
      9,800     8,200    398,39
      9,900     8,300    401,99
     10,000     8,400    405,65
     10,100     8,500    409,37
     10,200     8,600    413,16
     10,300     8,700    417,00
     10,400     8,800    420,89
     10,500     8,900    424,85
     10,600     9,000    428,87
     10,700     9,100    432,95
     10,800     9,200    437,09
     10,900     9,300    441,29
     11,000     9,400    445,55
     11,100     9,500    449,87
     11,200     9,600    454,24
     11,300     9,700    458,68
     11,400     9,800    463,17
     11,500     9,900    467,73
     11,600    10,000    472,34
     11,700    10,100    477,01
     11,800    10,200    481,74
     11,900    10,300    486,53
     11,986    10,386    490,70


TANK SWB3P__NO_3S_W_B_TK_(P)
      1,600     0,000      0,00
      1,700     0,100      5,66
      1,800     0,200     11,50
      1,900     0,300     17,52
      2,000     0,400     23,71
      2,100     0,500     30,05
      2,200     0,600     36,53
      2,300     0,700     43,16
      2,400     0,800     49,90
      2,500     0,900     56,76
      2,600     1,000     63,72
      2,700     1,100     70,78
      2,800     1,200     77,93
      2,900     1,300     85,15
      3,000     1,400     92,44
      3,100     1,500     99,80
      3,200     1,600    107,22
      3,300     1,700    114,68
      3,400     1,800    122,20
      3,500     1,900    129,77
      3,600     2,000    137,38
      3,700     2,100    145,03
      3,800     2,200    152,72
      3,900     2,300    160,44
      4,000     2,400    168,20
      4,100     2,500    175,98
      4,200     2,600    183,78
      4,300     2,700    190,13
      4,400     2,800    196,33
      4,500     2,900    202,55
      4,600     3,000    208,80
      4,700     3,100    215,06
      4,800     3,200    221,35
      4,900     3,300    227,66
      5,000     3,400    233,98
      5,100     3,500    240,31
      5,200     3,600    246,66
      5,300     3,700    253,03
      5,400     3,800    259,41
      5,500     3,900    265,79
      5,600     4,000    272,19
      5,700     4,100    278,60
      5,800     4,200    285,01
      5,900     4,300    291,43
      6,000     4,400    297,86
      6,100     4,500    304,30
      6,200     4,600    310,74
      6,300     4,700    317,19
      6,400     4,800    323,65
      6,500     4,900    330,10
      6,600     5,000    336,57
      6,700     5,100    343,03
      6,800     5,200    349,50
      6,900     5,300    355,98
      7,000     5,400    362,46


      7,100     5,500    368,94
      7,200     5,600    375,42
      7,300     5,700    381,90
      7,400     5,800    388,39
      7,500     5,900    394,88
      7,600     6,000    401,37
      7,700     6,100    407,86
      7,800     6,200    414,35
      7,900     6,300    420,85
      8,000     6,400    427,34
      8,100     6,500    433,84
      8,200     6,600    440,33
      8,300     6,700    446,83
      8,400     6,800    453,33
      8,500     6,900    459,83
      8,600     7,000    466,32
      8,700     7,100    472,82
      8,800     7,200    479,32
      8,900     7,300    485,82
      9,000     7,400    492,32
      9,100     7,500    498,82
      9,200     7,600    505,32
      9,300     7,700    511,82
      9,400     7,800    518,32
      9,500     7,900    524,82
      9,600     8,000    531,32
      9,700     8,100    537,82
      9,800     8,200    544,31
      9,900     8,300    550,81
     10,000     8,400    557,31
     10,100     8,500    563,81
     10,200     8,600    570,31
     10,300     8,700    576,81
     10,400     8,800    583,31
     10,500     8,900    589,81
     10,600     9,000    596,31
     10,700     9,100    602,81
     10,800     9,200    609,31
     10,900     9,300    615,81
     11,000     9,400    622,31
     11,100     9,500    628,81
     11,200     9,600    635,31
     11,300     9,700    641,81
     11,400     9,800    648,31
     11,500     9,900    654,81
     11,600    10,000    661,31
     11,700    10,100    667,81
     11,800    10,200    674,30
     11,900    10,300    680,80
     11,986    10,386    686,39


TANK SWB3S__NO_3S_W_B_TK_(S)
      1,600     0,000      0,00
      1,700     0,100      5,66
      1,800     0,200     11,50
      1,900     0,300     17,52
      2,000     0,400     23,71
      2,100     0,500     30,05
      2,200     0,600     36,53
      2,300     0,700     43,16
      2,400     0,800     49,90
      2,500     0,900     56,76
      2,600     1,000     63,72
      2,700     1,100     70,78
      2,800     1,200     77,93
      2,900     1,300     85,15
      3,000     1,400     92,44
      3,100     1,500     99,80
      3,200     1,600    107,22
      3,300     1,700    114,68
      3,400     1,800    122,20
      3,500     1,900    129,77
      3,600     2,000    137,38
      3,700     2,100    145,03
      3,800     2,200    152,72
      3,900     2,300    160,44
      4,000     2,400    168,20
      4,100     2,500    175,98
      4,200     2,600    183,78
      4,300     2,700    190,13
      4,400     2,800    196,33
      4,500     2,900    202,55
      4,600     3,000    208,80
      4,700     3,100    215,06
      4,800     3,200    221,35
      4,900     3,300    227,66
      5,000     3,400    233,98
      5,100     3,500    240,31
      5,200     3,600    246,66
      5,300     3,700    253,03
      5,400     3,800    259,41
      5,500     3,900    265,79
      5,600     4,000    272,19
      5,700     4,100    278,60
      5,800     4,200    285,01
      5,900     4,300    291,43
      6,000     4,400    297,86
      6,100     4,500    304,30
      6,200     4,600    310,74
      6,300     4,700    317,19
      6,400     4,800    323,65
      6,500     4,900    330,10
      6,600     5,000    336,57
      6,700     5,100    343,03
      6,800     5,200    349,50
      6,900     5,300    355,98
      7,000     5,400    362,46


      7,100     5,500    368,94
      7,200     5,600    375,42
      7,300     5,700    381,90
      7,400     5,800    388,39
      7,500     5,900    394,88
      7,600     6,000    401,37
      7,700     6,100    407,86
      7,800     6,200    414,35
      7,900     6,300    420,85
      8,000     6,400    427,34
      8,100     6,500    433,84
      8,200     6,600    440,33
      8,300     6,700    446,83
      8,400     6,800    453,33
      8,500     6,900    459,83
      8,600     7,000    466,32
      8,700     7,100    472,82
      8,800     7,200    479,32
      8,900     7,300    485,82
      9,000     7,400    492,32
      9,100     7,500    498,82
      9,200     7,600    505,32
      9,300     7,700    511,82
      9,400     7,800    518,32
      9,500     7,900    524,82
      9,600     8,000    531,32
      9,700     8,100    537,82
      9,800     8,200    544,31
      9,900     8,300    550,81
     10,000     8,400    557,31
     10,100     8,500    563,81
     10,200     8,600    570,31
     10,300     8,700    576,81
     10,400     8,800    583,31
     10,500     8,900    589,81
     10,600     9,000    596,31
     10,700     9,100    602,81
     10,800     9,200    609,31
     10,900     9,300    615,81
     11,000     9,400    622,31
     11,100     9,500    628,81
     11,200     9,600    635,31
     11,300     9,700    641,81
     11,400     9,800    648,31
     11,500     9,900    654,81
     11,600    10,000    661,31
     11,700    10,100    667,81
     11,800    10,200    674,30
     11,900    10,300    680,80
     11,986    10,386    686,39


TANK HFO_SERV_P__HFOSERV_TK_(P)
      8,530     0,000      0,00
      8,630     0,100      0,79
      8,730     0,200      1,59
      8,830     0,300      2,38
      8,930     0,400      3,18
      9,030     0,500      3,97
      9,130     0,600      4,77
      9,230     0,700      5,56
      9,330     0,800      6,35
      9,430     0,900      7,15
      9,530     1,000      7,94
      9,630     1,100      8,74
      9,730     1,200      9,53
      9,830     1,300     10,33
      9,930     1,400     11,12
     10,030     1,500     11,91
     10,130     1,600     12,71
     10,230     1,700     13,50
     10,330     1,800     14,30
     10,430     1,900     15,09
     10,530     2,000     15,89
     10,630     2,100     16,68
     10,730     2,200     17,47
     10,830     2,300     18,27
     10,930     2,400     19,06
     11,030     2,500     19,86
     11,130     2,600     20,65
     11,230     2,700     21,45
     11,330     2,800     22,24
     11,430     2,900     23,03
     11,530     3,000     23,83
     11,630     3,100     24,62
     11,730     3,200     25,42
     11,830     3,300     26,21
     11,930     3,400     27,01
     12,030     3,500     27,80
     12,130     3,600     28,59
     12,230     3,700     29,39
     12,330     3,800     30,18
     12,430     3,900     30,98
     12,530     4,000     31,77
     12,630     4,100     32,57
     12,730     4,200     33,36
     12,830     4,300     34,16
     12,930     4,400     34,95
     13,030     4,500     35,74
     13,130     4,600     36,54
     13,230     4,700     37,33
     13,330     4,800     38,13
     13,430     4,900     38,92
     13,530     5,000     39,72
     13,630     5,100     40,51
     13,730     5,200     41,30
     13,830     5,300     42,10
     13,930     5,400     42,89


     14,030     5,500     43,69
     14,130     5,600     44,48
     14,230     5,700     45,28
     14,330     5,800     46,07
     14,430     5,900     46,86
     14,530     6,000     47,66
     14,630     6,100     48,45
     14,730     6,200     49,25
     14,830     6,300     50,04
     14,930     6,400     50,84
     15,030     6,500     51,63
     15,130     6,600     52,42
     15,230     6,700     53,22
     15,330     6,800     54,01
     15,430     6,900     54,81
     15,530     7,000     55,60
     15,630     7,100     56,40
     15,730     7,200     57,19
     15,830     7,300     57,98
     15,930     7,400     58,78
     16,030     7,500     59,57
     16,130     7,600     60,37
     16,230     7,700     61,16
     16,350     7,820     62,11


TANK HFO_SETT_P__HFOSETT_TK_(P)
      8,530     0,000      0,00
      8,630     0,100      0,84
      8,730     0,200      1,68
      8,830     0,300      2,52
      8,930     0,400      3,35
      9,030     0,500      4,19
      9,130     0,600      5,03
      9,230     0,700      5,87
      9,330     0,800      6,71
      9,430     0,900      7,55
      9,530     1,000      8,38
      9,630     1,100      9,22
      9,730     1,200     10,06
      9,830     1,300     10,90
      9,930     1,400     11,74
     10,030     1,500     12,58
     10,130     1,600     13,41
     10,230     1,700     14,25
     10,330     1,800     15,09
     10,430     1,900     15,93
     10,530     2,000     16,77
     10,630     2,100     17,61
     10,730     2,200     18,45
     10,830     2,300     19,28
     10,930     2,400     20,12
     11,030     2,500     20,96
     11,130     2,600     21,80
     11,230     2,700     22,64
     11,330     2,800     23,48
     11,430     2,900     24,31
     11,530     3,000     25,15
     11,630     3,100     25,99
     11,730     3,200     26,83
     11,830     3,300     27,67
     11,930     3,400     28,51
     12,030     3,500     29,35
     12,130     3,600     30,18
     12,230     3,700     31,02
     12,330     3,800     31,86
     12,430     3,900     32,70
     12,530     4,000     33,54
     12,630     4,100     34,38
     12,730     4,200     35,21
     12,830     4,300     36,05
     12,930     4,400     36,89
     13,030     4,500     37,73
     13,130     4,600     38,57
     13,230     4,700     39,41
     13,330     4,800     40,24
     13,430     4,900     41,08
     13,530     5,000     41,92
     13,630     5,100     42,76
     13,730     5,200     43,60
     13,830     5,300     44,44
     13,930     5,400     45,28


     14,030     5,500     46,11
     14,130     5,600     46,95
     14,230     5,700     47,79
     14,330     5,800     48,63
     14,430     5,900     49,47
     14,530     6,000     50,31
     14,630     6,100     51,14
     14,730     6,200     51,98
     14,830     6,300     52,82
     14,930     6,400     53,66
     15,030     6,500     54,50
     15,130     6,600     55,34
     15,230     6,700     56,17
     15,330     6,800     57,01
     15,430     6,900     57,85
     15,530     7,000     58,69
     15,630     7,100     59,53
     15,730     7,200     60,37
     15,830     7,300     61,21
     15,930     7,400     62,04
     16,030     7,500     62,88
     16,130     7,600     63,72
     16,230     7,700     64,56
     16,350     7,820     65,57


TANK HFO4AP__NO_4AS_F_O_TK_(P)
      4,210     0,000      0,00
      4,310     0,100      2,94
      4,410     0,200      5,93
      4,510     0,300      8,96
      4,610     0,400     12,04
      4,710     0,500     15,15
      4,810     0,600     18,30
      4,910     0,700     21,48
      5,010     0,800     24,69
      5,110     0,900     27,93
      5,210     1,000     31,19
      5,310     1,100     34,47
      5,410     1,200     37,77
      5,510     1,300     41,09
      5,610     1,400     44,43
      5,710     1,500     47,78
      5,810     1,600     51,14
      5,910     1,700     54,51
      6,010     1,800     57,89
      6,110     1,900     61,28
      6,210     2,000     64,68
      6,310     2,100     68,08
      6,410     2,200     71,48
      6,510     2,300     74,89
      6,610     2,400     78,30
      6,710     2,500     81,71
      6,810     2,600     85,13
      6,910     2,700     88,54
      7,010     2,800     91,96
      7,110     2,900     95,37
      7,210     3,000     98,79
      7,310     3,100    102,21
      7,410     3,200    105,63
      7,510     3,300    109,04
      7,610     3,400    112,46
      7,710     3,500    115,88
      7,810     3,600    119,29
      7,910     3,700    122,71
      8,010     3,800    126,13
      8,110     3,900    129,54
      8,210     4,000    132,96
      8,310     4,100    136,38
      8,410     4,200    139,79
      8,510     4,300    143,21
      8,610     4,400    146,63
      8,710     4,500    150,05
      8,810     4,600    153,46
      8,910     4,700    156,88
      9,010     4,800    160,30
      9,110     4,900    163,71
      9,210     5,000    167,13
      9,310     5,100    170,55
      9,410     5,200    173,96
      9,510     5,300    177,38
      9,610     5,400    180,80


      9,710     5,500    184,21
      9,810     5,600    187,63
      9,910     5,700    191,05
     10,010     5,800    194,47
     10,110     5,900    197,88
     10,210     6,000    201,30
     10,310     6,100    204,72
     10,410     6,200    208,13
     10,510     6,300    211,55
     10,610     6,400    214,97
     10,710     6,500    218,38
     10,810     6,600    221,80
     10,910     6,700    225,22
     11,010     6,800    228,63
     11,110     6,900    232,05
     11,210     7,000    235,47
     11,310     7,100    238,89
     11,410     7,200    242,30
     11,510     7,300    245,72
     11,610     7,400    249,14
     11,710     7,500    252,55
     11,810     7,600    255,97
     11,986     7,776    261,98


TANK HFO4AS__NO_4AS_F_O_TK_(S)
      4,210     0,000      0,00
      4,310     0,100      2,94
      4,410     0,200      5,93
      4,510     0,300      8,96
      4,610     0,400     12,04
      4,710     0,500     15,15
      4,810     0,600     18,30
      4,910     0,700     21,48
      5,010     0,800     24,69
      5,110     0,900     27,93
      5,210     1,000     31,19
      5,310     1,100     34,47
      5,410     1,200     37,77
      5,510     1,300     41,09
      5,610     1,400     44,43
      5,710     1,500     47,78
      5,810     1,600     51,14
      5,910     1,700     54,51
      6,010     1,800     57,89
      6,110     1,900     61,28
      6,210     2,000     64,68
      6,310     2,100     68,08
      6,410     2,200     71,48
      6,510     2,300     74,89
      6,610     2,400     78,30
      6,710     2,500     81,71
      6,810     2,600     85,13
      6,910     2,700     88,54
      7,010     2,800     91,96
      7,110     2,900     95,37
      7,210     3,000     98,79
      7,310     3,100    102,21
      7,410     3,200    105,63
      7,510     3,300    109,04
      7,610     3,400    112,46
      7,710     3,500    115,88
      7,810     3,600    119,29
      7,910     3,700    122,71
      8,010     3,800    126,13
      8,110     3,900    129,54
      8,210     4,000    132,96
      8,310     4,100    136,38
      8,410     4,200    139,79
      8,510     4,300    143,21
      8,610     4,400    146,63
      8,710     4,500    150,05
      8,810     4,600    153,46
      8,910     4,700    156,88
      9,010     4,800    160,30
      9,110     4,900    163,71
      9,210     5,000    167,13
      9,310     5,100    170,55
      9,410     5,200    173,96
      9,510     5,300    177,38
      9,610     5,400    180,80


      9,710     5,500    184,21
      9,810     5,600    187,63
      9,910     5,700    191,05
     10,010     5,800    194,47
     10,110     5,900    197,88
     10,210     6,000    201,30
     10,310     6,100    204,72
     10,410     6,200    208,13
     10,510     6,300    211,55
     10,610     6,400    214,97
     10,710     6,500    218,38
     10,810     6,600    221,80
     10,910     6,700    225,22
     11,010     6,800    228,63
     11,110     6,900    232,05
     11,210     7,000    235,47
     11,310     7,100    238,89
     11,410     7,200    242,30
     11,510     7,300    245,72
     11,610     7,400    249,14
     11,710     7,500    252,55
     11,810     7,600    255,97
     11,986     7,776    261,98


  TANK HFO4FP__NO_4FS_F_O_TK_(P)
      4,210     0,000      0,00
      4,310     0,100      3,08
      4,410     0,200      6,17
      4,510     0,300      9,25
      4,610     0,400     12,33
      4,710     0,500     15,41
      4,810     0,600     18,50
      4,910     0,700     21,58
      5,010     0,800     24,66
      5,110     0,900     27,74
      5,210     1,000     30,83
      5,310     1,100     33,91
      5,410     1,200     36,99
      5,510     1,300     40,07
      5,610     1,400     43,16
      5,710     1,500     46,24
      5,810     1,600     49,32
      5,910     1,700     52,40
      6,010     1,800     55,49
      6,110     1,900     58,57
      6,210     2,000     61,65
      6,310     2,100     64,73
      6,410     2,200     67,82
      6,510     2,300     70,90
      6,610     2,400     73,98
      6,710     2,500     77,06
      6,810     2,600     80,15
      6,910     2,700     83,23
      7,010     2,800     86,31
      7,110     2,900     89,39
      7,210     3,000     92,48
      7,310     3,100     95,56
      7,410     3,200     98,64
      7,510     3,300    101,72
      7,610     3,400    104,81
      7,710     3,500    107,89
      7,810     3,600    110,97
      7,910     3,700    114,06
      8,010     3,800    117,14
      8,110     3,900    120,22
      8,210     4,000    123,30
      8,310     4,100    126,39
      8,410     4,200    129,47
      8,510     4,300    132,55
      8,610     4,400    135,63
      8,710     4,500    138,72
      8,810     4,600    141,80
      8,910     4,700    144,88
      9,010     4,800    147,96
      9,110     4,900    151,05
      9,210     5,000    154,13
      9,310     5,100    157,21
      9,410     5,200    160,29
      9,510     5,300    163,38
      9,610     5,400    166,46


      9,710     5,500    169,54
      9,810     5,600    172,62
      9,910     5,700    175,71
     10,010     5,800    178,79
     10,110     5,900    181,87
     10,210     6,000    184,95
     10,310     6,100    188,04
     10,410     6,200    191,12
     10,510     6,300    194,20
     10,610     6,400    197,28
     10,710     6,500    200,37
     10,810     6,600    203,45
     10,910     6,700    206,53
     11,010     6,800    209,61
     11,110     6,900    212,70
     11,210     7,000    215,78
     11,310     7,100    218,86
     11,410     7,200    221,94
     11,510     7,300    225,03
     11,610     7,400    228,11
     11,710     7,500    231,19
     11,810     7,600    234,28
     11,986     7,776    239,70

TANK HFO4FS__NO_4FS_F_O_TK_(S)
      4,210     0,000      0,00
      4,310     0,100      3,08
      4,410     0,200      6,17
      4,510     0,300      9,25
      4,610     0,400     12,33
      4,710     0,500     15,41
      4,810     0,600     18,50
      4,910     0,700     21,58
      5,010     0,800     24,66
      5,110     0,900     27,74
      5,210     1,000     30,83
      5,310     1,100     33,91
      5,410     1,200     36,99
      5,510     1,300     40,07
      5,610     1,400     43,16
      5,710     1,500     46,24
      5,810     1,600     49,32
      5,910     1,700     52,40
      6,010     1,800     55,49
      6,110     1,900     58,57
      6,210     2,000     61,65
      6,310     2,100     64,73
      6,410     2,200     67,82
      6,510     2,300     70,90
      6,610     2,400     73,98
      6,710     2,500     77,06
      6,810     2,600     80,15
      6,910     2,700     83,23
      7,010     2,800     86,31
      7,110     2,900     89,39
      7,210     3,000     92,48
      7,310     3,100     95,56
      7,410     3,200     98,64
      7,510     3,300    101,72
      7,610     3,400    104,81
      7,710     3,500    107,89
      7,810     3,600    110,97
      7,910     3,700    114,06
      8,010     3,800    117,14
      8,110     3,900    120,22
      8,210     4,000    123,30
      8,310     4,100    126,39
      8,410     4,200    129,47
      8,510     4,300    132,55
      8,610     4,400    135,63
      8,710     4,500    138,72
      8,810     4,600    141,80
      8,910     4,700    144,88
      9,010     4,800    147,96
      9,110     4,900    151,05
      9,210     5,000    154,13
      9,310     5,100    157,21
      9,410     5,200    160,29
      9,510     5,300    163,38
      9,610     5,400    166,46


      9,710     5,500    169,54
      9,810     5,600    172,62
      9,910     5,700    175,71
     10,010     5,800    178,79
     10,110     5,900    181,87
     10,210     6,000    184,95
     10,310     6,100    188,04
     10,410     6,200    191,12
     10,510     6,300    194,20
     10,610     6,400    197,28
     10,710     6,500    200,37
     10,810     6,600    203,45
     10,910     6,700    206,53
     11,010     6,800    209,61
     11,110     6,900    212,70
     11,210     7,000    215,78
     11,310     7,100    218,86
     11,410     7,200    221,94
     11,510     7,300    225,03
     11,610     7,400    228,11
     11,710     7,500    231,19
     11,810     7,600    234,28
     11,986     7,776    239,70


 TANK HFO5P__NO_5S_F_O_TK_(P)
      1,600     0,000      0,00
      1,700     0,100      4,57
      1,800     0,200      9,37
      1,900     0,300     14,40
      2,000     0,400     19,65
      2,100     0,500     25,12
      2,200     0,600     30,80
      2,300     0,700     36,70
      2,400     0,800     42,80
      2,500     0,900     49,11
      2,600     1,000     55,62
      2,700     1,100     62,33
      2,800     1,200     69,23
      2,900     1,300     76,32
      3,000     1,400     83,59
      3,100     1,500     91,05
      3,200     1,600     98,68
      3,300     1,700    106,50
      3,400     1,800    114,48
      3,500     1,900    122,64
      3,600     2,000    130,96
      3,700     2,100    139,44
      3,800     2,200    148,08
      3,900     2,300    156,88
      4,000     2,400    165,83
      4,100     2,500    174,92
      4,200     2,600    184,16
      4,300     2,700    190,35
      4,400     2,800    196,33
      4,500     2,900    202,44
      4,600     3,000    208,68
      4,700     3,100    215,05
      4,800     3,200    221,55
      4,900     3,300    228,18
      5,000     3,400    234,93
      5,100     3,500    241,79
      5,200     3,600    248,78
      5,300     3,700    255,87
      5,400     3,800    263,08
      5,500     3,900    270,39
      5,600     4,000    277,81
      5,700     4,100    285,32
      5,800     4,200    292,93
      5,900     4,300    300,63
      6,000     4,400    308,42
      6,100     4,500    316,29
      6,200     4,600    324,24
      6,300     4,700    332,26
      6,400     4,800    340,36
      6,500     4,900    348,53
      6,600     5,000    356,76
      6,700     5,100    365,05
      6,800     5,200    373,40
      6,900     5,300    376,19
      7,000     5,400    378,91


      7,100     5,500    381,68
      7,200     5,600    384,49
      7,300     5,700    387,34
      7,400     5,800    390,22
      7,500     5,900    393,13
      7,600     6,000    396,06
      7,700     6,100    399,02
      7,800     6,200    402,00
      7,900     6,300    405,00
      8,000     6,400    408,01
      8,100     6,500    411,04
      8,200     6,600    414,08
      8,300     6,700    417,13
      8,400     6,800    420,18
      8,500     6,900    423,25
      8,600     7,000    426,32
      8,700     7,100    429,39
      8,800     7,200    432,46
      8,900     7,300    435,54
      9,000     7,400    438,62
      9,100     7,500    441,71
      9,200     7,600    444,79
      9,300     7,700    447,87
      9,400     7,800    450,95
      9,500     7,900    454,03
      9,600     8,000    457,12
      9,700     8,100    460,20
      9,800     8,200    463,28
      9,900     8,300    466,37
     10,000     8,400    469,45
     10,100     8,500    472,53
     10,200     8,600    475,61
     10,300     8,700    478,70
     10,400     8,800    481,78
     10,500     8,900    484,86
     10,600     9,000    487,94
     10,700     9,100    491,03
     10,800     9,200    494,11
     10,900     9,300    497,19
     11,000     9,400    500,27
     11,100     9,500    503,36
     11,200     9,600    506,44
     11,300     9,700    509,52
     11,400     9,800    512,60
     11,500     9,900    515,69
     11,600    10,000    518,77
     11,700    10,100    521,85
     11,800    10,200    524,93
     11,900    10,300    528,02
     11,986    10,386    530,67

TANK HFO5S__NO_5S_F_O_TK_(S)
      1,600     0,000      0,00
      1,700     0,100      4,57
      1,800     0,200      9,37
      1,900     0,300     14,40
      2,000     0,400     19,65
      2,100     0,500     25,12
      2,200     0,600     30,80
      2,300     0,700     36,70
      2,400     0,800     42,80
      2,500     0,900     49,11
      2,600     1,000     55,62
      2,700     1,100     62,33
      2,800     1,200     69,23
      2,900     1,300     76,32
      3,000     1,400     83,59
      3,100     1,500     91,05
      3,200     1,600     98,68
      3,300     1,700    106,50
      3,400     1,800    114,48
      3,500     1,900    122,64
      3,600     2,000    130,96
      3,700     2,100    139,44
      3,800     2,200    148,08
      3,900     2,300    156,88
      4,000     2,400    165,83
      4,100     2,500    174,92
      4,200     2,600    184,16
      4,300     2,700    190,35
      4,400     2,800    196,33
      4,500     2,900    202,44
      4,600     3,000    208,68
      4,700     3,100    215,05
      4,800     3,200    221,55
      4,900     3,300    228,18
      5,000     3,400    234,93
      5,100     3,500    241,79
      5,200     3,600    248,78
      5,300     3,700    255,87
      5,400     3,800    263,08
      5,500     3,900    270,39
      5,600     4,000    277,81
      5,700     4,100    285,32
      5,800     4,200    292,93
      5,900     4,300    300,63
      6,000     4,400    308,42
      6,100     4,500    316,29
      6,200     4,600    324,24
      6,300     4,700    332,26
      6,400     4,800    340,36
      6,500     4,900    348,53
      6,600     5,000    356,76
      6,700     5,100    365,05
      6,800     5,200    373,40
      6,900     5,300    376,19
      7,000     5,400    378,91


      7,100     5,500    381,68
      7,200     5,600    384,49
      7,300     5,700    387,34
      7,400     5,800    390,22
      7,500     5,900    393,13
      7,600     6,000    396,06
      7,700     6,100    399,02
      7,800     6,200    402,00
      7,900     6,300    405,00
      8,000     6,400    408,01
      8,100     6,500    411,04
      8,200     6,600    414,08
      8,300     6,700    417,13
      8,400     6,800    420,18
      8,500     6,900    423,25
      8,600     7,000    426,32
      8,700     7,100    429,39
      8,800     7,200    432,46
      8,900     7,300    435,54
      9,000     7,400    438,62
      9,100     7,500    441,71
      9,200     7,600    444,79
      9,300     7,700    447,87
      9,400     7,800    450,95
      9,500     7,900    454,03
      9,600     8,000    457,12
      9,700     8,100    460,20
      9,800     8,200    463,28
      9,900     8,300    466,37
     10,000     8,400    469,45
     10,100     8,500    472,53
     10,200     8,600    475,61
     10,300     8,700    478,70
     10,400     8,800    481,78
     10,500     8,900    484,86
     10,600     9,000    487,94
     10,700     9,100    491,03
     10,800     9,200    494,11
     10,900     9,300    497,19
     11,000     9,400    500,27
     11,100     9,500    503,36
     11,200     9,600    506,44
     11,300     9,700    509,52
     11,400     9,800    512,60
     11,500     9,900    515,69
     11,600    10,000    518,77
     11,700    10,100    521,85
     11,800    10,200    524,93
     11,900    10,300    528,02
     11,986    10,386    530,67


TANK MDO_SERV_P__MDOSERV_TK_(P)
     12,850     0,000      0,00
     12,950     0,100      1,37
     13,050     0,200      2,75
     13,150     0,300      4,12
     13,250     0,400      5,49
     13,350     0,500      6,87
     13,450     0,600      8,24
     13,550     0,700      9,62
     13,650     0,800     10,99
     13,750     0,900     12,36
     13,850     1,000     13,74
     13,950     1,100     15,11
     14,050     1,200     16,48
     14,150     1,300     17,86
     14,250     1,400     19,23
     14,350     1,500     20,60
     14,450     1,600     21,98
     14,550     1,700     23,35
     14,650     1,800     24,72
     14,750     1,900     26,10
     14,850     2,000     27,47
     14,950     2,100     28,85
     15,050     2,200     30,22
     15,150     2,300     31,59
     15,250     2,400     32,97
     15,350     2,500     34,34
     15,450     2,600     35,71
     15,550     2,700     37,09
     15,650     2,800     38,46
     15,750     2,900     39,83
     15,850     3,000     41,21
     15,950     3,100     42,58
     16,050     3,200     43,96
     16,150     3,300     45,33


 TANK MDO_STOR_2P__NO_2MDOSTOR_TK(P)
      8,530     0,000      0,00
      8,630     0,100      1,92
      8,730     0,200      3,88
      8,830     0,300      5,88
      8,930     0,400      7,92
      9,030     0,500      9,99
      9,130     0,600     12,09
      9,230     0,700     14,21
      9,330     0,800     16,35
      9,430     0,900     18,52
      9,530     1,000     20,69
      9,630     1,100     22,88
      9,730     1,200     25,08
      9,830     1,300     27,29
      9,930     1,400     29,51
     10,030     1,500     31,73
     10,130     1,600     33,95
     10,230     1,700     36,18
     10,330     1,800     38,40
     10,430     1,900     40,63
     10,530     2,000     42,87
     10,630     2,100     45,10
     10,730     2,200     47,33
     10,830     2,300     49,56
     10,930     2,400     51,79
     11,030     2,500     54,03
     11,130     2,600     56,26
     11,230     2,700     58,49
     11,330     2,800     60,72
     11,430     2,900     62,95
     11,530     3,000     65,19
     11,630     3,100     67,42
     11,730     3,200     69,65
     11,830     3,300     71,88
     11,930     3,400     74,11
     12,030     3,500     76,35
     12,130     3,600     78,58
     12,230     3,700     80,81
     12,330     3,800     83,04
     12,430     3,900     85,27
     12,530     4,000     87,51
     12,630     4,100     89,74
     12,730     4,200     91,97
     12,850     4,320     94,65


TANK MDO_STOR_P__NO_1MDO_STOR_TK_(P)
     -0,000     0,000      0,00
      0,100     0,100      0,16
      0,200     0,200      0,39
      0,300     0,300      0,69
      0,400     0,400      1,13
      0,500     0,500      1,72
      0,600     0,600      2,46
      0,700     0,700      3,33
      0,800     0,800      4,37
      0,900     0,900      5,57
      1,000     1,000      6,91
      1,100     1,100      8,40
      1,200     1,200     10,02
      1,300     1,300     11,76
      1,400     1,400     13,64
      1,500     1,500     15,63
      1,600     1,600     17,73
      1,700     1,700     19,95
      1,800     1,800     22,27
      1,900     1,900     24,70
      2,000     2,000     27,22
      2,100     2,100     29,85
      2,200     2,200     32,57
      2,300     2,300     35,39
      2,400     2,400     38,30
      2,425     2,425     39,04

TANK MDO_STOR_S__NO_1MDO_STOR_TK_(S)
     -0,000     0,000      0,00
      0,100     0,100      0,71
      0,200     0,200      1,61
      0,300     0,300      2,66
      0,400     0,400      3,84
      0,500     0,500      5,13
      0,600     0,600      6,53
      0,700     0,700      8,02
      0,800     0,800      9,60
      0,900     0,900     11,26
      1,000     1,000     12,94
      1,100     1,100     14,60
      1,200     1,200     16,34
      1,300     1,300     18,15
      1,400     1,400     20,04
      1,500     1,500     22,01
      1,600     1,600     24,04
      1,700     1,700     26,10
      1,800     1,800     28,11
      1,900     1,900     30,08
      2,000     2,000     32,00
      2,100     2,100     33,88
      2,200     2,200     35,70
      2,300     2,300     37,40
      2,400     2,400     38,98
      2,425     2,425     39,35































