	
	Name	1WBC
	ProTank 0x41a0001
	Frame      0    0

LevelVolTable
	   0.000	   0.000
	   0.220	   0.826
	   0.500	   2.763
	   0.840	   5.965
	   1.260	  10.760
	   1.820	  18.098
	   2.420	  26.798
	   3.080	  37.187
	   3.780	  48.994
	   4.500	  61.908
	   5.220	  75.599
	   5.880	  88.868
	   6.460	 101.257
	   6.980	 113.109
	   7.440	 124.315
	   7.880	 135.778
	   8.300	 147.477
	   8.720	 159.969
	   9.120	 172.621
	   9.520	 186.026
	   9.900	 199.458
	EndTable

End

	
	Name	2FWP_and_3FWS
	ProTank 0x41a0002
	Frame      0    0

LevelVolTable
	   0.000	   0.000
	   0.080	   0.375
	   0.220	   1.936
	   0.400	   4.742
	   0.620	   8.998
	   0.880	  14.854
	   1.180	  22.438
	   1.520	  31.853
	   1.900	  43.198
	   2.340	  57.185
	   2.840	  73.942
	   3.440	  94.918
	   4.160	 120.928
	   4.980	 151.370
	   5.860	 184.822
	   6.640	 215.176
	   6.960	 227.880
	EndTable

End

	
	Name	6FOP_and_7FOS
	ProTank 0x41a0003
	Frame      0    0

LevelVolTable
	   0.000	   0.000
	   0.040	   0.589
	   0.080	   1.616
	   0.120	   3.080
	   0.180	   6.037
	   0.380	  17.502
	   0.720	  37.952
	   1.200	  67.632
	   2.180	  77.787
	   4.340	 101.436
	   4.820	 106.663
	   7.000	 120.501
	EndTable

End

	
	Name	16FOP
	ProTank 0x41a0004
	Frame      0    0

LevelVolTable
	   0.000	   0.000
	   0.040	   0.122
	   0.080	   0.918
	   0.120	   2.383
	   0.240	   8.027
	   0.440	  18.330
	   0.740	  34.738
	   1.140	  57.371
	   2.480	  81.764
	   4.140	 112.225
	EndTable

End

	
	Name	17FOC
	ProTank 0x41a0005
	Frame      0    0

LevelVolTable
	   0.000	   0.000
	   0.020	   0.743
	   0.040	   1.834
	   0.060	   3.211
	   1.200	  99.990
	EndTable

End

	
	Name	20FOS
	ProTank 0x41a0006
	Frame      0    0

LevelVolTable
	   0.000	   0.000
	   0.040	   0.122
	   0.080	   0.918
	   0.120	   2.383
	   0.240	   8.027
	   0.440	  18.330
	   0.740	  34.738
	   1.140	  57.371
	   2.480	  81.764
	   4.140	 112.225
	EndTable

End

	
	Name	25FWP
	ProTank 0x41a0007
	Frame      0    0

LevelVolTable
	   0.000	   0.000
	   0.440	   0.271
	   0.800	   1.212
	   1.120	   2.760
	   1.440	   5.042
	   1.740	   7.884
	   2.040	  11.442
	   2.340	  15.767
	   2.620	  20.520
	   2.900	  25.997
	   3.180	  32.208
	   3.460	  39.181
	   3.720	  46.374
	   4.000	  54.932
	   4.340	  66.216
	   5.000	  89.296
	   6.720	 150.267
	EndTable

End

	
	Name	26MUDC
	ProTank 0x41a0008
	Frame      0    0

LevelVolTable
	   0.000	   0.000
	   0.140	   0.290
	   0.280	   1.290
	   0.400	   2.864
	   0.500	   4.776
	   0.640	   8.227
	   0.780	  12.379
	   0.960	  18.530
	   1.620	  43.359
	   5.800	 201.457
	EndTable

End

	
	Name	27FOC
	ProTank 0x41a0009
	Frame      0    0

LevelVolTable
	   0.000	   0.000
	   0.100	   0.893
	   0.220	   2.765
	   0.380	   6.089
	   0.540	  10.130
	   0.700	  14.835
	   0.920	  22.093
	   1.140	  30.042
	   1.420	  40.596
	   1.680	  49.605
	   1.880	  55.922
	   2.100	  62.039
	   2.300	  66.970
	   2.500	  71.222
	   2.700	  74.806
	   2.880	  77.404
	   3.060	  79.304
	   3.260	  80.597
	   3.540	  81.505
	   3.899	  81.742
	EndTable

End

	
	Name	28FWS
	ProTank 0x41a000a
	Frame      0    0

LevelVolTable
	   0.000	   0.000
	   0.440	   0.271
	   0.800	   1.212
	   1.120	   2.760
	   1.440	   5.042
	   1.740	   7.884
	   2.040	  11.442
	   2.340	  15.767
	   2.620	  20.520
	   2.900	  25.997
	   3.180	  32.208
	   3.460	  39.181
	   3.720	  46.374
	   4.000	  54.932
	   4.340	  66.216
	   5.000	  89.296
	   6.720	 150.267
	EndTable

End

	
	Name	29MUDC
	ProTank 0x41a000b
	Frame      0    0

LevelVolTable
	   0.000	   0.000
	   0.260	   0.374
	   0.460	   1.331
	   0.640	   2.862
	   0.820	   5.156
	   1.000	   8.264
	   1.160	  11.710
	   1.320	  15.798
	   1.480	  20.530
	   1.700	  27.871
	   2.000	  38.749
	   4.120	 118.840
	   5.300	 160.030
	EndTable

End

