
Level   Volume
mm      m3

Tank 1WBC

0	0,000
20	0,041
40	0,092
60	0,149
80	0,212
100	0,282
120	0,358
140	0,440
160	0,528
180	0,621
200	0,721
220	0,826
240	0,936
260	1,051
280	1,172
300	1,297
320	1,426
340	1,558
360	1,696
380	1,836
400	1,981
420	2,130
440	2,283
460	2,439
480	2,599
500	2,763
520	2,930
540	3,100
560	3,273
580	3,448
600	3,627
620	3,807
640	3,991
660	4,177
680	4,366
700	4,558
720	4,752
740	4,949
760	5,148
780	5,349
800	5,552
820	5,758
840	5,965
860	6,175
880	6,386
900	6,600
920	6,816
940	7,034
960	7,254
980	7,476
1000	7,700
1020	7,926
1040	8,153
1060	8,382
1080	8,613
1100	8,845
1120	9,079
1140	9,314
1160	9,551
1180	9,790
1200	10,030
1220	10,272
1240	10,515
1260	10,760
1280	11,006
1300	11,254
1320	11,503
1340	11,754
1360	12,006
1380	12,259
1400	12,514
1420	12,770
1440	13,027
1460	13,286
1480	13,547
1500	13,808
1520	14,068
1540	14,330
1560	14,592
1580	14,855
1600	15,120
1620	15,385
1640	15,652
1660	15,919
1680	16,188
1700	16,458
1720	16,729
1740	17,001
1760	17,273
1780	17,547
1800	17,822
1820	18,098
1840	18,375
1860	18,653
1880	18,932
1900	19,211
1920	19,492
1940	19,774
1960	20,056
1980	20,340
2000	20,625
2020	20,910
2040	21,197
2060	21,484
2080	21,772
2100	22,061
2120	22,351
2140	22,641
2160	22,933
2180	23,225
2200	23,518
2220	23,812
2240	24,107
2260	24,403
2280	24,699
2300	24,997
2320	25,295
2340	25,594
2360	25,893
2380	26,194
2400	26,495
2420	26,798
2440	27,101
2460	27,405
2480	27,709
2500	28,015
2520	28,321
2540	28,628
2560	28,936
2580	29,244
2600	29,553
2620	29,863
2640	30,174
2660	30,485
2680	30,797
2700	31,110
2720	31,424
2740	31,738
2760	32,053
2780	32,368
2800	32,685
2820	33,002
2840	33,320
2860	33,638
2880	33,957
2900	34,277
2920	34,598
2940	34,919
2960	35,241
2980	35,564
3000	35,887
3020	36,211
3040	36,536
3060	36,861
3080	37,187
3100	37,514
3120	37,841
3140	38,169
3160	38,498
3180	38,827
3200	39,157
3220	39,487
3240	39,818
3260	40,150
3280	40,482
3300	40,815
3320	41,149
3340	41,483
3360	41,818
3380	42,154
3400	42,490
3420	42,827
3440	43,164
3460	43,502
3480	43,841
3500	44,180
3520	44,520
3540	44,861
3560	45,202
3580	45,544
3600	45,886
3620	46,229
3640	46,572
3660	46,916
3680	47,261
3700	47,606
3720	47,952
3740	48,299
3760	48,646
3780	48,994
3800	49,342
3820	49,691
3840	50,040
3860	50,390
3880	50,741
3900	51,092
3920	51,444
3940	51,796
3960	52,149
3980	52,503
4000	52,857
4020	53,212
4040	53,567
4060	53,923
4080	54,279
4100	54,637
4120	54,994
4140	55,353
4160	55,712
4180	56,071
4200	56,432
4220	56,793
4240	57,154
4260	57,516
4280	57,879
4300	58,242
4320	58,606
4340	58,970
4360	59,335
4380	59,701
4400	60,067
4420	60,434
4440	60,802
4460	61,170
4480	61,539
4500	61,908
4520	62,278
4540	62,649
4560	63,020
4580	63,391
4600	63,764
4620	64,137
4640	64,510
4660	64,884
4680	65,259
4700	65,634
4720	66,010
4740	66,387
4760	66,764
4780	67,141
4800	67,519
4820	67,898
4840	68,278
4860	68,658
4880	69,038
4900	69,420
4920	69,801
4940	70,184
4960	70,567
4980	70,950
5000	71,334
5020	71,719
5040	72,104
5060	72,490
5080	72,877
5100	73,264
5120	73,652
5140	74,040
5160	74,429
5180	74,818
5200	75,208
5220	75,599
5240	75,990
5260	76,382
5280	76,775
5300	77,168
5320	77,562
5340	77,956
5360	78,352
5380	78,747
5400	79,144
5420	79,541
5440	79,939
5460	80,337
5480	80,736
5500	81,136
5520	81,536
5540	81,937
5560	82,339
5580	82,741
5600	83,145
5620	83,549
5640	83,953
5660	84,359
5680	84,765
5700	85,172
5720	85,579
5740	85,988
5760	86,397
5780	86,807
5800	87,217
5820	87,629
5840	88,041
5860	88,454
5880	88,868
5900	89,282
5920	89,698
5940	90,114
5960	90,531
5980	90,949
6000	91,367
6020	91,787
6040	92,207
6060	92,628
6080	93,051
6100	93,474
6120	93,898
6140	94,324
6160	94,750
6180	95,177
6200	95,605
6220	96,034
6240	96,464
6260	96,895
6280	97,327
6300	97,760
6320	98,194
6340	98,628
6360	99,064
6380	99,501
6400	99,938
6420	100,377
6440	100,817
6460	101,257
6480	101,699
6500	102,141
6520	102,585
6540	103,030
6560	103,475
6580	103,922
6600	104,371
6620	104,820
6640	105,271
6660	105,722
6680	106,175
6700	106,629
6720	107,084
6740	107,541
6760	107,998
6780	108,457
6800	108,917
6820	109,378
6840	109,840
6860	110,304
6880	110,768
6900	111,234
6920	111,701
6940	112,169
6960	112,638
6980	113,109
7000	113,581
7020	114,054
7040	114,528
7060	115,004
7080	115,481
7100	115,960
7120	116,440
7140	116,921
7160	117,404
7180	117,888
7200	118,374
7220	118,861
7240	119,350
7260	119,840
7280	120,331
7300	120,824
7320	121,318
7340	121,814
7360	122,311
7380	122,810
7400	123,310
7420	123,812
7440	124,315
7460	124,819
7480	125,325
7500	125,832
7520	126,341
7540	126,851
7560	127,363
7580	127,877
7600	128,392
7620	128,909
7640	129,428
7660	129,948
7680	130,470
7700	130,993
7720	131,518
7740	132,045
7760	132,573
7780	133,103
7800	133,635
7820	134,168
7840	134,703
7860	135,240
7880	135,778
7900	136,318
7920	136,859
7940	137,402
7960	137,947
7980	138,494
8000	139,042
8020	139,592
8040	140,143
8060	140,697
8080	141,252
8100	141,809
8120	142,368
8140	142,928
8160	143,491
8180	144,055
8200	144,621
8220	145,188
8240	145,758
8260	146,329
8280	146,903
8300	147,477
8320	148,054
8340	148,633
8360	149,213
8380	149,795
8400	150,379
8420	150,965
8440	151,552
8460	152,142
8480	152,733
8500	153,326
8520	153,921
8540	154,517
8560	155,116
8580	155,716
8600	156,318
8620	156,922
8640	157,528
8660	158,136
8680	158,745
8700	159,356
8720	159,969
8740	160,584
8760	161,201
8780	161,820
8800	162,440
8820	163,062
8840	163,687
8860	164,313
8880	164,940
8900	165,570
8920	166,202
8940	166,835
8960	167,471
8980	168,108
9000	168,747
9020	169,388
9040	170,031
9060	170,676
9080	171,322
9100	171,971
9120	172,621
9140	173,274
9160	173,928
9180	174,584
9200	175,242
9220	175,902
9240	176,564
9260	177,227
9280	177,893
9300	178,560
9320	179,230
9340	179,901
9360	180,574
9380	181,249
9400	181,926
9420	182,605
9440	183,285
9460	183,967
9480	184,652
9500	185,338
9520	186,026
9540	186,716
9560	187,409
9580	188,102
9600	188,798
9620	189,496
9640	190,196
9660	190,897
9680	191,600
9700	192,306
9720	193,013
9740	193,722
9760	194,433
9780	195,146
9800	195,860
9820	196,577
9840	197,295
9860	198,016
9880	198,738
9900	199,458

Tank 2FWP_and_3FWS

40	0,000
60	0,017
80	0,092
100	0,217
120	0,375
140	0,555
160	0,752
180	0,963
200	1,187
220	1,425
240	1,674
260	1,936
280	2,209
300	2,494
320	2,788
340	3,093
360	3,406
380	3,727
400	4,058
420	4,396
440	4,742
460	5,096
480	5,458
500	5,827
520	6,203
540	6,585
560	6,973
580	7,366
600	7,766
620	8,171
640	8,582
660	8,998
680	9,420
700	9,847
720	10,280
740	10,717
760	11,160
780	11,607
800	12,058
820	12,513
840	12,973
860	13,437
880	13,905
900	14,378
920	14,854
940	15,334
960	15,819
980	16,307
1000	16,800
1020	17,296
1040	17,795
1060	18,298
1080	18,804
1100	19,313
1120	19,826
1140	20,342
1160	20,861
1180	21,383
1200	21,909
1220	22,438
1240	22,970
1260	23,505
1280	24,042
1300	24,583
1320	25,126
1340	25,672
1360	26,220
1380	26,772
1400	27,326
1420	27,883
1440	28,442
1460	29,004
1480	29,569
1500	30,136
1520	30,706
1540	31,279
1560	31,853
1580	32,430
1600	33,010
1620	33,591
1640	34,175
1660	34,761
1680	35,350
1700	35,941
1720	36,534
1740	37,129
1760	37,727
1780	38,327
1800	38,929
1820	39,533
1840	40,139
1860	40,746
1880	41,356
1900	41,968
1920	42,582
1940	43,198
1960	43,816
1980	44,435
2000	45,057
2020	45,681
2040	46,306
2060	46,933
2080	47,561
2100	48,192
2120	48,824
2140	49,457
2160	50,092
2180	50,729
2200	51,367
2220	52,007
2240	52,649
2260	53,292
2280	53,937
2300	54,583
2320	55,231
2340	55,881
2360	56,532
2380	57,185
2400	57,839
2420	58,495
2440	59,152
2460	59,811
2480	60,472
2500	61,134
2520	61,797
2540	62,462
2560	63,128
2580	63,795
2600	64,463
2620	65,133
2640	65,803
2660	66,475
2680	67,148
2700	67,822
2720	68,498
2740	69,174
2760	69,852
2780	70,531
2800	71,211
2820	71,892
2840	72,574
2860	73,258
2880	73,942
2900	74,628
2920	75,315
2940	76,003
2960	76,692
2980	77,382
3000	78,074
3020	78,766
3040	79,460
3060	80,154
3080	80,849
3100	81,544
3120	82,241
3140	82,938
3160	83,637
3180	84,336
3200	85,035
3220	85,736
3240	86,438
3260	87,140
3280	87,843
3300	88,547
3320	89,252
3340	89,957
3360	90,663
3380	91,370
3400	92,078
3420	92,787
3440	93,497
3460	94,207
3480	94,918
3500	95,630
3520	96,342
3540	97,055
3560	97,769
3580	98,484
3600	99,199
3620	99,914
3640	100,630
3660	101,347
3680	102,065
3700	102,783
3720	103,501
3740	104,221
3760	104,941
3780	105,661
3800	106,382
3820	107,104
3840	107,826
3860	108,549
3880	109,273
3900	109,997
3920	110,722
3940	111,447
3960	112,173
3980	112,900
4000	113,627
4020	114,355
4040	115,083
4060	115,812
4080	116,541
4100	117,271
4120	118,001
4140	118,732
4160	119,463
4180	120,195
4200	120,928
4220	121,661
4240	122,394
4260	123,128
4280	123,862
4300	124,597
4320	125,332
4340	126,068
4360	126,805
4380	127,542
4400	128,279
4420	129,017
4440	129,756
4460	130,495
4480	131,234
4500	131,974
4520	132,715
4540	133,456
4560	134,197
4580	134,939
4600	135,681
4620	136,424
4640	137,167
4660	137,911
4680	138,655
4700	139,399
4720	140,144
4740	140,890
4760	141,635
4780	142,382
4800	143,128
4820	143,875
4840	144,623
4860	145,371
4880	146,119
4900	146,868
4920	147,617
4940	148,367
4960	149,117
4980	149,868
5000	150,619
5020	151,370
5040	152,122
5060	152,874
5080	153,627
5100	154,380
5120	155,133
5140	155,887
5160	156,641
5180	157,395
5200	158,150
5220	158,906
5240	159,662
5260	160,418
5280	161,174
5300	161,931
5320	162,688
5340	163,446
5360	164,204
5380	164,963
5400	165,721
5420	166,481
5440	167,240
5460	168,000
5480	168,761
5500	169,521
5520	170,283
5540	171,044
5560	171,806
5580	172,569
5600	173,331
5620	174,095
5640	174,858
5660	175,622
5680	176,387
5700	177,151
5720	177,917
5740	178,682
5760	179,448
5780	180,215
5800	180,982
5820	181,749
5840	182,516
5860	183,285
5880	184,053
5900	184,822
5920	185,591
5940	186,361
5960	187,131
5980	187,901
6000	188,672
6020	189,443
6040	190,215
6060	190,988
6080	191,760
6100	192,534
6120	193,307
6140	194,082
6160	194,856
6180	195,632
6200	196,407
6220	197,183
6240	197,960
6260	198,737
6280	199,515
6300	200,293
6320	201,072
6340	201,851
6360	202,630
6380	203,410
6400	204,191
6420	204,972
6440	205,753
6460	206,536
6480	207,318
6500	208,101
6520	208,885
6540	209,669
6560	210,454
6580	211,240
6600	212,026
6620	212,812
6640	213,600
6660	214,388
6680	215,176
6700	215,966
6720	216,756
6740	217,546
6760	218,337
6780	219,129
6800	219,922
6820	220,715
6840	221,508
6860	222,303
6880	223,098
6900	223,893
6920	224,689
6940	225,486
6960	226,284
6980	227,082
7000	227,880

Tank 6FOP_and_7FOS
0	0,000
20	0,240
40	0,589
60	1,048
80	1,616
100	2,294
120	3,080
140	3,973
160	4,967
180	6,037
200	7,144
220	8,264
240	9,395
260	10,535
280	11,682
300	12,835
320	13,995
340	15,160
360	16,329
380	17,502
400	18,680
420	19,862
440	21,048
460	22,238
480	23,432
500	24,629
520	25,829
540	27,032
560	28,236
580	29,443
600	30,653
620	31,864
640	33,077
660	34,293
680	35,511
700	36,731
720	37,952
740	39,176
760	40,401
780	41,627
800	42,855
820	44,083
840	45,313
860	46,545
880	47,777
900	49,011
920	50,245
940	51,481
960	52,718
980	53,956
1000	55,195
1020	56,435
1040	57,676
1060	58,918
1080	60,160
1100	61,403
1120	62,648
1140	63,892
1160	65,138
1180	66,384
1200	67,632
1220	67,829
1240	68,027
1260	68,225
1280	68,424
1300	68,624
1320	68,824
1340	69,025
1360	69,226
1380	69,428
1400	69,631
1420	69,833
1440	70,037
1460	70,241
1480	70,445
1500	70,650
1520	70,855
1540	71,060
1560	71,266
1580	71,473
1600	71,679
1620	71,886
1640	72,093
1660	72,301
1680	72,509
1700	72,717
1720	72,925
1740	73,134
1760	73,343
1780	73,553
1800	73,762
1820	73,972
1840	74,182
1860	74,393
1880	74,603
1900	74,814
1920	75,025
1940	75,236
1960	75,448
1980	75,660
2000	75,871
2020	76,084
2040	76,296
2060	76,509
2080	76,721
2100	76,934
2120	77,147
2140	77,360
2160	77,574
2180	77,787
2200	78,001
2220	78,215
2240	78,429
2260	78,643
2280	78,857
2300	79,072
2320	79,286
2340	79,501
2360	79,716
2380	79,932
2400	80,147
2420	80,362
2440	80,578
2460	80,794
2480	81,010
2500	81,226
2520	81,442
2540	81,659
2560	81,875
2580	82,092
2600	82,309
2620	82,526
2640	82,743
2660	82,960
2680	83,177
2700	83,394
2720	83,611
2740	83,829
2760	84,046
2780	84,264
2800	84,482
2820	84,700
2840	84,918
2860	85,136
2880	85,354
2900	85,572
2920	85,791
2940	86,009
2960	86,228
2980	86,447
3000	86,666
3020	86,885
3040	87,103
3060	87,323
3080	87,542
3100	87,761
3120	87,980
3140	88,199
3160	88,419
3180	88,638
3200	88,857
3220	89,077
3240	89,296
3260	89,516
3280	89,736
3300	89,955
3320	90,175
3340	90,395
3360	90,615
3380	90,835
3400	91,055
3420	91,275
3440	91,495
3460	91,715
3480	91,935
3500	92,156
3520	92,376
3540	92,596
3560	92,817
3580	93,037
3600	93,258
3620	93,478
3640	93,699
3660	93,919
3680	94,140
3700	94,360
3720	94,581
3740	94,802
3760	95,022
3780	95,243
3800	95,464
3820	95,685
3840	95,906
3860	96,127
3880	96,347
3900	96,568
3920	96,789
3940	97,010
3960	97,231
3980	97,452
4000	97,674
4020	97,895
4040	98,116
4060	98,337
4080	98,558
4100	98,780
4120	99,001
4140	99,222
4160	99,443
4180	99,665
4200	99,886
4220	100,107
4240	100,329
4260	100,550
4280	100,772
4300	100,993
4320	101,215
4340	101,436
4360	101,658
4380	101,879
4400	102,101
4420	102,322
4440	102,544
4460	102,766
4480	102,987
4500	103,209
4520	103,431
4540	103,653
4560	103,874
4580	104,096
4600	104,318
4620	104,540
4640	104,761
4660	104,983
4680	105,205
4700	105,427
4720	105,649
4740	105,871
4760	106,093
4780	106,315
4800	106,537
4820	106,663
4840	106,789
4860	106,916
4880	107,042
4900	107,168
4920	107,295
4940	107,421
4960	107,547
4980	107,674
5000	107,800
5020	107,927
5040	108,053
5060	108,180
5080	108,306
5100	108,433
5120	108,559
5140	108,686
5160	108,812
5180	108,939
5200	109,065
5220	109,192
5240	109,319
5260	109,445
5280	109,572
5300	109,698
5320	109,825
5340	109,952
5360	110,078
5380	110,205
5400	110,332
5420	110,459
5440	110,585
5460	110,712
5480	110,839
5500	110,966
5520	111,092
5540	111,219
5560	111,346
5580	111,473
5600	111,600
5620	111,726
5640	111,853
5660	111,980
5680	112,107
5700	112,234
5720	112,361
5740	112,488
5760	112,615
5780	112,742
5800	112,868
5820	112,995
5840	113,122
5860	113,249
5880	113,376
5900	113,503
5920	113,630
5940	113,757
5960	113,884
5980	114,011
6000	114,138
6020	114,266
6040	114,393
6060	114,520
6080	114,647
6100	114,774
6120	114,901
6140	115,028
6160	115,155
6180	115,282
6200	115,410
6220	115,537
6240	115,664
6260	115,791
6280	115,918
6300	116,045
6320	116,173
6340	116,300
6360	116,427
6380	116,554
6400	116,681
6420	116,809
6440	116,936
6460	117,063
6480	117,190
6500	117,318
6520	117,445
6540	117,572
6560	117,699
6580	117,827
6600	117,954
6620	118,081
6640	118,209
6660	118,336
6680	118,463
6700	118,591
6720	118,718
6740	118,845
6760	118,973
6780	119,100
6800	119,227
6820	119,355
6840	119,482
6860	119,609
6880	119,737
6900	119,864
6920	119,992
6940	120,119
6960	120,246
6980	120,374
7000	120,501

Tank 16FOP
60	0,000
80	0,003
100	0,122
120	0,429
140	0,918
160	1,577
180	2,383
200	3,275
220	4,191
240	5,127
260	6,078
280	7,045
300	8,027
320	9,021
340	10,023
360	11,035
380	12,056
400	13,083
420	14,118
440	15,161
460	16,211
480	17,267
500	18,330
520	19,398
540	20,470
560	21,546
580	22,627
600	23,711
620	24,799
640	25,890
660	26,985
680	28,084
700	29,185
720	30,290
740	31,398
760	32,509
780	33,622
800	34,738
820	35,856
840	36,975
860	38,097
880	39,220
900	40,345
920	41,471
940	42,599
960	43,728
980	44,859
1000	45,991
1020	47,125
1040	48,259
1060	49,395
1080	50,532
1100	51,669
1120	52,808
1140	53,947
1160	55,088
1180	56,229
1200	57,371
1220	57,725
1240	58,080
1260	58,435
1280	58,791
1300	59,148
1320	59,505
1340	59,862
1360	60,220
1380	60,579
1400	60,938
1420	61,298
1440	61,658
1460	62,018
1480	62,380
1500	62,741
1520	63,103
1540	63,465
1560	63,828
1580	64,191
1600	64,554
1620	64,917
1640	65,281
1660	65,645
1680	66,009
1700	66,373
1720	66,738
1740	67,103
1760	67,468
1780	67,833
1800	68,198
1820	68,563
1840	68,929
1860	69,295
1880	69,660
1900	70,026
1920	70,392
1940	70,758
1960	71,125
1980	71,491
2000	71,858
2020	72,224
2040	72,591
2060	72,957
2080	73,324
2100	73,691
2120	74,058
2140	74,424
2160	74,791
2180	75,158
2200	75,525
2220	75,892
2240	76,259
2260	76,626
2280	76,993
2300	77,360
2320	77,727
2340	78,094
2360	78,461
2380	78,828
2400	79,195
2420	79,562
2440	79,929
2460	80,296
2480	80,663
2500	81,030
2520	81,397
2540	81,764
2560	82,131
2580	82,498
2600	82,865
2620	83,232
2640	83,599
2660	83,966
2680	84,333
2700	84,700
2720	85,067
2740	85,434
2760	85,801
2780	86,168
2800	86,535
2820	86,902
2840	87,269
2860	87,636
2880	88,003
2900	88,370
2920	88,737
2940	89,104
2960	89,471
2980	89,838
3000	90,205
3020	90,572
3040	90,939
3060	91,306
3080	91,673
3100	92,040
3120	92,407
3140	92,774
3160	93,141
3180	93,508
3200	93,875
3220	94,242
3240	94,609
3260	94,976
3280	95,343
3300	95,710
3320	96,077
3340	96,444
3360	96,811
3380	97,178
3400	97,545
3420	97,912
3440	98,279
3460	98,646
3480	99,013
3500	99,380
3520	99,747
3540	100,114
3560	100,481
3580	100,848
3600	101,215
3620	101,582
3640	101,949
3660	102,316
3680	102,683
3700	103,050
3720	103,417
3740	103,784
3760	104,151
3780	104,518
3800	104,885
3820	105,252
3840	105,619
3860	105,986
3880	106,353
3900	106,720
3920	107,087
3940	107,454
3960	107,821
3980	108,188
4000	108,555
4020	108,922
4040	109,289
4060	109,656
4080	110,023
4100	110,390
4120	110,757
4140	111,124
4160	111,491
4180	111,858
4200	112,225

Tank 17FOC
0	0,000
20	0,743
40	1,834
60	3,211
80	4,819
100	6,519
120	8,218
140	9,918
160	11,617
180	13,317
200	15,016
220	16,716
240	18,415
260	20,115
280	21,814
300	23,514
320	25,213
340	26,912
360	28,612
380	30,311
400	32,011
420	33,710
440	35,410
460	37,109
480	38,809
500	40,508
520	42,208
540	43,907
560	45,607
580	47,306
600	49,006
620	50,705
640	52,405
660	54,104
680	55,804
700	57,503
720	59,203
740	60,902
760	62,602
780	64,301
800	66,001
820	67,700
840	69,400
860	71,099
880	72,799
900	74,498
920	76,198
940	77,897
960	79,597
980	81,296
1000	82,996
1020	84,695
1040	86,395
1060	88,094
1080	89,794
1100	91,493
1120	93,193
1140	94,892
1160	96,591
1180	98,291
1200	99,990

Tank 20FOS
60	0,000
80	0,003
100	0,122
120	0,429
140	0,918
160	1,577
180	2,383
200	3,275
220	4,191
240	5,127
260	6,078
280	7,045
300	8,027
320	9,021
340	10,023
360	11,035
380	12,056
400	13,083
420	14,118
440	15,161
460	16,211
480	17,267
500	18,330
520	19,398
540	20,470
560	21,546
580	22,627
600	23,711
620	24,799
640	25,890
660	26,985
680	28,084
700	29,185
720	30,290
740	31,398
760	32,509
780	33,622
800	34,738
820	35,856
840	36,975
860	38,097
880	39,220
900	40,345
920	41,471
940	42,599
960	43,728
980	44,859
1000	45,991
1020	47,125
1040	48,259
1060	49,395
1080	50,532
1100	51,669
1120	52,808
1140	53,947
1160	55,088
1180	56,229
1200	57,371
1220	57,725
1240	58,080
1260	58,435
1280	58,791
1300	59,148
1320	59,505
1340	59,862
1360	60,220
1380	60,579
1400	60,938
1420	61,298
1440	61,658
1460	62,018
1480	62,380
1500	62,741
1520	63,103
1540	63,465
1560	63,828
1580	64,191
1600	64,554
1620	64,917
1640	65,281
1660	65,645
1680	66,009
1700	66,373
1720	66,738
1740	67,103
1760	67,468
1780	67,833
1800	68,198
1820	68,563
1840	68,929
1860	69,295
1880	69,660
1900	70,026
1920	70,392
1940	70,758
1960	71,125
1980	71,491
2000	71,858
2020	72,224
2040	72,591
2060	72,957
2080	73,324
2100	73,691
2120	74,058
2140	74,424
2160	74,791
2180	75,158
2200	75,525
2220	75,892
2240	76,259
2260	76,626
2280	76,993
2300	77,360
2320	77,727
2340	78,094
2360	78,461
2380	78,828
2400	79,195
2420	79,562
2440	79,929
2460	80,296
2480	80,663
2500	81,030
2520	81,397
2540	81,764
2560	82,131
2580	82,498
2600	82,865
2620	83,232
2640	83,599
2660	83,966
2680	84,333
2700	84,700
2720	85,067
2740	85,434
2760	85,801
2780	86,168
2800	86,535
2820	86,902
2840	87,269
2860	87,636
2880	88,003
2900	88,370
2920	88,737
2940	89,104
2960	89,471
2980	89,838
3000	90,205
3020	90,572
3040	90,939
3060	91,306
3080	91,673
3100	92,040
3120	92,407
3140	92,774
3160	93,141
3180	93,508
3200	93,875
3220	94,242
3240	94,609
3260	94,976
3280	95,343
3300	95,710
3320	96,077
3340	96,444
3360	96,811
3380	97,178
3400	97,545
3420	97,912
3440	98,279
3460	98,646
3480	99,013
3500	99,380
3520	99,747
3540	100,114
3560	100,481
3580	100,848
3600	101,215
3620	101,582
3640	101,949
3660	102,316
3680	102,683
3700	103,050
3720	103,417
3740	103,784
3760	104,151
3780	104,518
3800	104,885
3820	105,252
3840	105,619
3860	105,986
3880	106,353
3900	106,720
3920	107,087
3940	107,454
3960	107,821
3980	108,188
4000	108,555
4020	108,922
4040	109,289
4060	109,656
4080	110,023
4100	110,390
4120	110,757
4140	111,124
4160	111,491
4180	111,858
4200	112,225

Tank 25FWP
280	0,000
300	0,000
320	0,001
340	0,002
360	0,004
380	0,007
400	0,010
420	0,015
440	0,021
460	0,028
480	0,037
500	0,047
520	0,059
540	0,071
560	0,086
580	0,103
600	0,121
620	0,142
640	0,164
660	0,188
680	0,213
700	0,241
720	0,271
740	0,304
760	0,338
780	0,376
800	0,415
820	0,455
840	0,499
860	0,544
880	0,592
900	0,643
920	0,696
940	0,752
960	0,811
980	0,872
1000	0,934
1020	1,000
1040	1,068
1060	1,139
1080	1,212
1100	1,288
1120	1,367
1140	1,449
1160	1,534
1180	1,620
1200	1,709
1220	1,802
1240	1,897
1260	1,994
1280	2,095
1300	2,199
1320	2,306
1340	2,416
1360	2,528
1380	2,642
1400	2,760
1420	2,880
1440	3,004
1460	3,130
1480	3,259
1500	3,392
1520	3,528
1540	3,667
1560	3,808
1580	3,952
1600	4,098
1620	4,248
1640	4,400
1660	4,556
1680	4,715
1700	4,877
1720	5,042
1740	5,210
1760	5,382
1780	5,555
1800	5,732
1820	5,912
1840	6,094
1860	6,280
1880	6,469
1900	6,662
1920	6,857
1940	7,056
1960	7,259
1980	7,464
2000	7,672
2020	7,884
2040	8,098
2060	8,315
2080	8,536
2100	8,760
2120	8,988
2140	9,218
2160	9,453
2180	9,690
2200	9,931
2220	10,175
2240	10,421
2260	10,671
2280	10,925
2300	11,182
2320	11,442
2340	11,706
2360	11,973
2380	12,244
2400	12,519
2420	12,798
2440	13,079
2460	13,363
2480	13,651
2500	13,943
2520	14,238
2540	14,536
2560	14,839
2580	15,145
2600	15,454
2620	15,767
2640	16,084
2660	16,403
2680	16,726
2700	17,053
2720	17,383
2740	17,716
2760	18,054
2780	18,395
2800	18,740
2820	19,089
2840	19,442
2860	19,798
2880	20,157
2900	20,520
2920	20,887
2940	21,257
2960	21,632
2980	22,010
3000	22,393
3020	22,779
3040	23,169
3060	23,563
3080	23,960
3100	24,360
3120	24,763
3140	25,171
3160	25,582
3180	25,997
3200	26,415
3220	26,838
3240	27,265
3260	27,696
3280	28,130
3300	28,568
3320	29,009
3340	29,454
3360	29,903
3380	30,356
3400	30,813
3420	31,274
3440	31,739
3460	32,208
3480	32,682
3500	33,159
3520	33,639
3540	34,122
3560	34,610
3580	35,102
3600	35,598
3620	36,097
3640	36,601
3660	37,110
3680	37,622
3700	38,138
3720	38,658
3740	39,181
3760	39,708
3780	40,240
3800	40,776
3820	41,316
3840	41,862
3860	42,411
3880	42,965
3900	43,522
3920	44,083
3940	44,649
3960	45,219
3980	45,794
4000	46,374
4020	46,959
4040	47,548
4060	48,141
4080	48,738
4100	49,339
4120	49,944
4140	50,553
4160	51,167
4180	51,785
4200	52,407
4220	53,032
4240	53,662
4260	54,295
4280	54,932
4300	55,573
4320	56,216
4340	56,863
4360	57,513
4380	58,167
4400	58,823
4420	59,483
4440	60,145
4460	60,810
4480	61,478
4500	62,149
4520	62,822
4540	63,497
4560	64,174
4580	64,853
4600	65,533
4620	66,216
4640	66,900
4660	67,586
4680	68,273
4700	68,962
4720	69,652
4740	70,343
4760	71,036
4780	71,729
4800	72,424
4820	73,119
4840	73,816
4860	74,513
4880	75,211
4900	75,910
4920	76,609
4940	77,309
4960	78,011
4980	78,712
5000	79,415
5020	80,118
5040	80,822
5060	81,526
5080	82,231
5100	82,936
5120	83,641
5140	84,347
5160	85,053
5180	85,760
5200	86,467
5220	87,174
5240	87,881
5260	88,589
5280	89,296
5300	90,004
5320	90,712
5340	91,421
5360	92,129
5380	92,837
5400	93,546
5420	94,255
5440	94,964
5460	95,672
5480	96,381
5500	97,090
5520	97,799
5540	98,508
5560	99,217
5580	99,926
5600	100,636
5620	101,345
5640	102,054
5660	102,763
5680	103,472
5700	104,181
5720	104,890
5740	105,600
5760	106,309
5780	107,018
5800	107,727
5820	108,436
5840	109,145
5860	109,855
5880	110,564
5900	111,273
5920	111,982
5940	112,691
5960	113,400
5980	114,110
6000	114,819
6020	115,528
6040	116,237
6060	116,946
6080	117,655
6100	118,364
6120	119,074
6140	119,783
6160	120,492
6180	121,201
6200	121,910
6220	122,619
6240	123,329
6260	124,038
6280	124,747
6300	125,456
6320	126,165
6340	126,874
6360	127,584
6380	128,293
6400	129,002
6420	129,711
6440	130,420
6460	131,129
6480	131,838
6500	132,548
6520	133,257
6540	133,966
6560	134,675
6580	135,384
6600	136,093
6620	136,803
6640	137,512
6660	138,221
6680	138,930
6700	139,639
6720	140,348
6740	141,058
6760	141,767
6780	142,476
6800	143,185
6820	143,894
6840	144,603
6860	145,313
6880	146,022
6900	146,731
6920	147,440
6940	148,149
6960	148,858
6980	149,567
7000	150,267

Tank 26MUDC
1200	0,000
1220	0,005
1240	0,022
1260	0,050
1280	0,090
1300	0,144
1320	0,210
1340	0,290
1360	0,385
1380	0,495
1400	0,620
1420	0,762
1440	0,920
1460	1,096
1480	1,290
1500	1,503
1520	1,734
1540	1,985
1560	2,257
1580	2,549
1600	2,864
1620	3,199
1640	3,558
1660	3,940
1680	4,346
1700	4,776
1720	5,225
1740	5,689
1760	6,168
1780	6,661
1800	7,169
1820	7,691
1840	8,227
1860	8,779
1880	9,345
1900	9,925
1920	10,519
1940	11,126
1960	11,747
1980	12,379
2000	13,024
2020	13,679
2040	14,345
2060	15,021
2080	15,707
2100	16,401
2120	17,103
2140	17,813
2160	18,530
2180	19,254
2200	19,983
2220	20,718
2240	21,457
2260	22,201
2280	22,948
2300	23,698
2320	24,450
2340	25,205
2360	25,960
2380	26,716
2400	27,473
2420	28,229
2440	28,985
2460	29,742
2480	30,498
2500	31,255
2520	32,011
2540	32,768
2560	33,524
2580	34,281
2600	35,037
2620	35,794
2640	36,550
2660	37,307
2680	38,064
2700	38,820
2720	39,577
2740	40,333
2760	41,089
2780	41,846
2800	42,603
2820	43,359
2840	44,116
2860	44,872
2880	45,628
2900	46,385
2920	47,141
2940	47,898
2960	48,654
2980	49,411
3000	50,167
3020	50,924
3040	51,680
3060	52,437
3080	53,193
3100	53,950
3120	54,706
3140	55,463
3160	56,219
3180	56,976
3200	57,732
3220	58,489
3240	59,245
3260	60,002
3280	60,758
3300	61,515
3320	62,271
3340	63,028
3360	63,784
3380	64,541
3400	65,297
3420	66,054
3440	66,810
3460	67,567
3480	68,324
3500	69,080
3520	69,836
3540	70,593
3560	71,349
3580	72,106
3600	72,862
3620	73,619
3640	74,375
3660	75,132
3680	75,888
3700	76,645
3720	77,401
3740	78,158
3760	78,914
3780	79,671
3800	80,427
3820	81,184
3840	81,940
3860	82,697
3880	83,453
3900	84,210
3920	84,966
3940	85,723
3960	86,479
3980	87,236
4000	87,992
4020	88,749
4040	89,505
4060	90,262
4080	91,018
4100	91,775
4120	92,531
4140	93,288
4160	94,044
4180	94,801
4200	95,557
4220	96,314
4240	97,070
4260	97,827
4280	98,583
4300	99,340
4320	100,096
4340	100,853
4360	101,609
4380	102,366
4400	103,122
4420	103,879
4440	104,635
4460	105,392
4480	106,148
4500	106,905
4520	107,661
4540	108,418
4560	109,174
4580	109,931
4600	110,687
4620	111,444
4640	112,200
4660	112,957
4680	113,713
4700	114,470
4720	115,226
4740	115,983
4760	116,739
4780	117,496
4800	118,252
4820	119,009
4840	119,765
4860	120,522
4880	121,278
4900	122,035
4920	122,791
4940	123,548
4960	124,304
4980	125,061
5000	125,817
5020	126,574
5040	127,330
5060	128,087
5080	128,843
5100	129,600
5120	130,356
5140	131,113
5160	131,869
5180	132,626
5200	133,382
5220	134,139
5240	134,895
5260	135,652
5280	136,408
5300	137,165
5320	137,921
5340	138,678
5360	139,434
5380	140,191
5400	140,947
5420	141,704
5440	142,460
5460	143,217
5480	143,973
5500	144,730
5520	145,486
5540	146,243
5560	146,999
5580	147,756
5600	148,512
5620	149,269
5640	150,025
5660	150,782
5680	151,538
5700	152,295
5720	153,051
5740	153,808
5760	154,564
5780	155,321
5800	156,077
5820	156,834
5840	157,590
5860	158,347
5880	159,103
5900	159,860
5920	160,616
5940	161,373
5960	162,129
5980	162,886
6000	163,642
6020	164,399
6040	165,155
6060	165,912
6080	166,668
6100	167,425
6120	168,181
6140	168,938
6160	169,694
6180	170,451
6200	171,207
6220	171,964
6240	172,720
6260	173,477
6280	174,233
6300	174,990
6320	175,746
6340	176,503
6360	177,259
6380	178,016
6400	178,772
6420	179,529
6440	180,285
6460	181,042
6480	181,798
6500	182,555
6520	183,311
6540	184,068
6560	184,824
6580	185,581
6600	186,337
6620	187,094
6640	187,850
6660	188,607
6680	189,363
6700	190,120
6720	190,876
6740	191,633
6760	192,389
6780	193,146
6800	193,902
6820	194,659
6840	195,415
6860	196,172
6880	196,928
6900	197,685
6920	198,441
6940	199,198
6960	199,954
6980	200,711
7000	201,457

Tank 27FOC
0	0,000
20	0,119
40	0,267
60	0,446
80	0,656
100	0,893
120	1,156
140	1,442
160	1,745
180	2,067
200	2,408
220	2,765
240	3,137
260	3,526
280	3,924
300	4,334
320	4,756
340	5,188
360	5,633
380	6,089
400	6,558
420	7,035
440	7,523
460	8,021
480	8,531
500	9,052
520	9,586
540	10,130
560	10,681
580	11,243
600	11,815
620	12,398
640	12,994
660	13,602
680	14,215
700	14,835
720	15,463
740	16,099
760	16,743
780	17,394
800	18,050
820	18,710
840	19,376
860	20,047
880	20,723
900	21,405
920	22,093
940	22,786
960	23,485
980	24,189
1000	24,899
1020	25,615
1040	26,338
1060	27,067
1080	27,801
1100	28,541
1120	29,288
1140	30,042
1160	30,802
1180	31,568
1200	32,342
1220	33,108
1240	33,881
1260	34,651
1280	35,409
1300	36,172
1320	36,923
1340	37,668
1360	38,417
1380	39,144
1400	39,872
1420	40,596
1440	41,302
1460	42,010
1480	42,719
1500	43,429
1520	44,140
1540	44,844
1560	45,530
1580	46,215
1600	46,901
1620	47,586
1640	48,272
1660	48,947
1680	49,605
1700	50,259
1720	50,913
1740	51,566
1760	52,216
1780	52,853
1800	53,476
1820	54,091
1840	54,705
1860	55,317
1880	55,922
1900	56,514
1920	57,094
1940	57,664
1960	58,231
1980	58,797
2000	59,354
2020	59,899
2040	60,434
2060	60,968
2080	61,504
2100	62,039
2120	62,564
2140	63,079
2160	63,585
2180	64,091
2200	64,595
2220	65,089
2240	65,568
2260	66,037
2280	66,504
2300	66,970
2320	67,432
2340	67,881
2360	68,316
2380	68,746
2400	69,176
2420	69,605
2440	70,026
2460	70,431
2480	70,827
2500	71,222
2520	71,616
2540	72,007
2560	72,382
2580	72,744
2600	73,102
2620	73,459
2640	73,815
2660	74,160
2680	74,485
2700	74,806
2720	75,124
2740	75,440
2760	75,752
2780	76,042
2800	76,322
2820	76,599
2840	76,873
2860	77,145
2880	77,404
2900	77,641
2920	77,874
2940	78,105
2960	78,332
2980	78,556
3000	78,752
3020	78,940
3040	79,123
3060	79,304
3080	79,480
3100	79,641
3120	79,782
3140	79,917
3160	80,047
3180	80,175
3200	80,298
3220	80,403
3240	80,503
3260	80,597
3280	80,687
3300	80,774
3320	80,857
3340	80,935
3360	81,008
3380	81,077
3400	81,142
3420	81,205
3440	81,265
3460	81,321
3480	81,372
3500	81,420
3520	81,464
3540	81,505
3560	81,542
3580	81,574
3600	81,603
3620	81,627
3640	81,648
3660	81,667
3680	81,684
3700	81,698
3720	81,709
3895	81,742
3899	81,742

Tank 28FWS
280	0,000
300	0,000
320	0,001
340	0,002
360	0,004
380	0,007
400	0,010
420	0,015
440	0,021
460	0,028
480	0,037
500	0,047
520	0,059
540	0,071
560	0,086
580	0,103
600	0,121
620	0,142
640	0,164
660	0,188
680	0,213
700	0,241
720	0,271
740	0,304
760	0,338
780	0,376
800	0,415
820	0,455
840	0,499
860	0,544
880	0,592
900	0,643
920	0,696
940	0,752
960	0,811
980	0,872
1000	0,934
1020	1,000
1040	1,068
1060	1,139
1080	1,212
1100	1,288
1120	1,367
1140	1,449
1160	1,534
1180	1,620
1200	1,709
1220	1,802
1240	1,897
1260	1,994
1280	2,095
1300	2,199
1320	2,306
1340	2,416
1360	2,528
1380	2,642
1400	2,760
1420	2,880
1440	3,004
1460	3,130
1480	3,259
1500	3,392
1520	3,528
1540	3,667
1560	3,808
1580	3,952
1600	4,098
1620	4,248
1640	4,400
1660	4,556
1680	4,715
1700	4,877
1720	5,042
1740	5,210
1760	5,382
1780	5,555
1800	5,732
1820	5,912
1840	6,094
1860	6,280
1880	6,469
1900	6,662
1920	6,857
1940	7,056
1960	7,259
1980	7,464
2000	7,672
2020	7,884
2040	8,098
2060	8,315
2080	8,536
2100	8,760
2120	8,988
2140	9,218
2160	9,453
2180	9,690
2200	9,931
2220	10,175
2240	10,421
2260	10,671
2280	10,925
2300	11,182
2320	11,442
2340	11,706
2360	11,973
2380	12,244
2400	12,519
2420	12,798
2440	13,079
2460	13,363
2480	13,651
2500	13,943
2520	14,238
2540	14,536
2560	14,839
2580	15,145
2600	15,454
2620	15,767
2640	16,084
2660	16,403
2680	16,726
2700	17,053
2720	17,383
2740	17,716
2760	18,054
2780	18,395
2800	18,740
2820	19,089
2840	19,442
2860	19,798
2880	20,157
2900	20,520
2920	20,887
2940	21,257
2960	21,632
2980	22,010
3000	22,393
3020	22,779
3040	23,169
3060	23,563
3080	23,960
3100	24,360
3120	24,763
3140	25,171
3160	25,582
3180	25,997
3200	26,415
3220	26,838
3240	27,265
3260	27,696
3280	28,130
3300	28,568
3320	29,009
3340	29,454
3360	29,903
3380	30,356
3400	30,813
3420	31,274
3440	31,739
3460	32,208
3480	32,682
3500	33,159
3520	33,639
3540	34,122
3560	34,610
3580	35,102
3600	35,598
3620	36,097
3640	36,601
3660	37,110
3680	37,622
3700	38,138
3720	38,658
3740	39,181
3760	39,708
3780	40,240
3800	40,776
3820	41,316
3840	41,862
3860	42,411
3880	42,965
3900	43,522
3920	44,083
3940	44,649
3960	45,219
3980	45,794
4000	46,374
4020	46,959
4040	47,548
4060	48,141
4080	48,738
4100	49,339
4120	49,944
4140	50,553
4160	51,167
4180	51,785
4200	52,407
4220	53,032
4240	53,662
4260	54,295
4280	54,932
4300	55,573
4320	56,216
4340	56,863
4360	57,513
4380	58,167
4400	58,823
4420	59,483
4440	60,145
4460	60,810
4480	61,478
4500	62,149
4520	62,822
4540	63,497
4560	64,174
4580	64,853
4600	65,533
4620	66,216
4640	66,900
4660	67,586
4680	68,273
4700	68,962
4720	69,652
4740	70,343
4760	71,036
4780	71,729
4800	72,424
4820	73,119
4840	73,816
4860	74,513
4880	75,211
4900	75,910
4920	76,609
4940	77,309
4960	78,010
4980	78,712
5000	79,415
5020	80,118
5040	80,822
5060	81,526
5080	82,231
5100	82,936
5120	83,641
5140	84,347
5160	85,053
5180	85,760
5200	86,467
5220	87,174
5240	87,881
5260	88,589
5280	89,296
5300	90,004
5320	90,712
5340	91,421
5360	92,129
5380	92,837
5400	93,546
5420	94,255
5440	94,964
5460	95,672
5480	96,381
5500	97,090
5520	97,799
5540	98,508
5560	99,217
5580	99,926
5600	100,636
5620	101,345
5640	102,054
5660	102,763
5680	103,472
5700	104,181
5720	104,890
5740	105,600
5760	106,309
5780	107,018
5800	107,727
5820	108,436
5840	109,145
5860	109,855
5880	110,564
5900	111,273
5920	111,982
5940	112,691
5960	113,400
5980	114,110
6000	114,819
6020	115,528
6040	116,237
6060	116,946
6080	117,655
6100	118,364
6120	119,074
6140	119,783
6160	120,492
6180	121,201
6200	121,910
6220	122,619
6240	123,329
6260	124,038
6280	124,747
6300	125,456
6320	126,165
6340	126,874
6360	127,584
6380	128,293
6400	129,002
6420	129,711
6440	130,420
6460	131,129
6480	131,838
6500	132,548
6520	133,257
6540	133,966
6560	134,675
6580	135,384
6600	136,093
6620	136,803
6640	137,512
6660	138,221
6680	138,930
6700	139,639
6720	140,348
6740	141,058
6760	141,767
6780	142,476
6800	143,185
6820	143,894
6840	144,603
6860	145,313
6880	146,022
6900	146,731
6920	147,440
6940	148,149
6960	148,858
6980	149,567
7000	150,267

Tank 29MUDC
1700	0,000
1720	0,002
1740	0,007
1760	0,017
1780	0,031
1800	0,050
1820	0,073
1840	0,102
1860	0,135
1880	0,171
1900	0,213
1920	0,261
1940	0,314
1960	0,374
1980	0,440
2000	0,513
2020	0,590
2040	0,674
2060	0,765
2080	0,863
2100	0,968
2120	1,082
2140	1,203
2160	1,331
2180	1,467
2200	1,610
2220	1,762
2240	1,922
2260	2,092
2280	2,271
2300	2,460
2320	2,656
2340	2,862
2360	3,077
2380	3,302
2400	3,538
2420	3,783
2440	4,039
2460	4,304
2480	4,577
2500	4,861
2520	5,156
2540	5,462
2560	5,778
2580	6,104
2600	6,440
2620	6,784
2640	7,138
2660	7,503
2680	7,878
2700	8,264
2720	8,660
2740	9,067
2760	9,482
2780	9,907
2800	10,341
2820	10,787
2840	11,243
2860	11,710
2880	12,186
2900	12,673
2920	13,168
2940	13,673
2960	14,188
2980	14,714
3000	15,251
3020	15,798
3040	16,355
3060	16,922
3080	17,497
3100	18,082
3120	18,678
3140	19,285
3160	19,902
3180	20,530
3200	21,167
3220	21,811
3240	22,461
3260	23,117
3280	23,780
3300	24,449
3320	25,124
3340	25,803
3360	26,487
3380	27,177
3400	27,871
3420	28,571
3440	29,275
3460	29,984
3480	30,696
3500	31,412
3520	32,132
3540	32,855
3560	33,582
3580	34,312
3600	35,046
3620	35,782
3640	36,521
3660	37,261
3680	38,004
3700	38,749
3720	39,496
3740	40,245
3760	40,996
3780	41,748
3800	42,501
3820	43,254
3840	44,008
3860	44,763
3880	45,518
3900	46,274
3920	47,031
3940	47,787
3960	48,544
3980	49,300
4000	50,057
4020	50,813
4040	51,570
4060	52,326
4080	53,083
4100	53,839
4120	54,596
4140	55,352
4160	56,109
4180	56,865
4200	57,622
4220	58,378
4240	59,135
4260	59,891
4280	60,648
4300	61,404
4320	62,161
4340	62,917
4360	63,674
4380	64,430
4400	65,187
4420	65,943
4440	66,700
4460	67,456
4480	68,213
4500	68,969
4520	69,726
4540	70,482
4560	71,239
4580	71,995
4600	72,752
4620	73,508
4640	74,265
4660	75,021
4680	75,778
4700	76,534
4720	77,291
4740	78,047
4760	78,804
4780	79,560
4800	80,317
4820	81,073
4840	81,830
4860	82,586
4880	83,343
4900	84,099
4920	84,856
4940	85,612
4960	86,369
4980	87,125
5000	87,882
5020	88,638
5040	89,395
5060	90,151
5080	90,908
5100	91,664
5120	92,421
5140	93,177
5160	93,934
5180	94,690
5200	95,447
5220	96,203
5240	96,960
5260	97,716
5280	98,473
5300	99,229
5320	99,986
5340	100,742
5360	101,499
5380	102,255
5400	103,012
5420	103,768
5440	104,525
5460	105,281
5480	106,038
5500	106,794
5520	107,551
5540	108,307
5560	109,064
5580	109,820
5600	110,577
5620	111,333
5640	112,090
5660	112,846
5680	113,603
5700	114,359
5720	115,116
5740	115,872
5760	116,629
5780	117,385
5800	118,142
5820	118,840
5840	119,539
5860	120,237
5880	120,935
5900	121,633
5920	122,332
5940	123,030
5960	123,728
5980	124,427
6000	125,125
6020	125,823
6040	126,521
6060	127,220
6080	127,918
6100	128,616
6120	129,315
6140	130,013
6160	130,711
6180	131,409
6200	132,108
6220	132,806
6240	133,504
6260	134,203
6280	134,901
6300	135,599
6320	136,297
6340	136,996
6360	137,694
6380	138,392
6400	139,091
6420	139,789
6440	140,487
6460	141,186
6480	141,884
6500	142,582
6520	143,280
6540	143,979
6560	144,677
6580	145,375
6600	146,074
6620	146,772
6640	147,470
6660	148,168
6680	148,867
6700	149,565
6720	150,263
6740	150,962
6760	151,660
6780	152,358
6800	153,056
6820	153,755
6840	154,453
6860	155,151
6880	155,850
6900	156,548
6920	157,246
6940	157,945
6960	158,643
6980	159,341
7000	160,030

