HFOTank	
	Name	Hold1BC
	ProTank 0x41a0001
	Frame      01819631942

UllageVolTable
	   0.500	1235.237
	   1.000	1116.546
	   1.475	1004.563
	   1.925	 899.239
	   2.350	 800.505
	   2.750	 708.289
	   3.125	 622.540
	   3.475	 543.206
	   3.800	 470.221
	   4.025	 420.232
	   4.225	 376.469
	   4.425	 333.431
	   4.575	 301.790
	   4.700	 276.078
	   4.825	 250.933
	   4.950	 226.425
	   5.075	 202.586
	   5.200	 179.402
	   5.375	 147.931
	   5.500	 126.021
	   5.600	 109.135
	   5.700	  92.911
	   5.800	  77.407
	   5.875	  66.327
	   5.950	  55.882
	   6.025	  46.208
	   6.075	  40.254
	   6.125	  34.753
	   6.175	  29.721
	   6.225	  25.150
	   6.275	  21.037
	   6.325	  17.361
	   6.375	  14.120
	   6.425	  11.292
	   6.500	   7.777
	   6.575	   5.058
	   6.630	   3.545
	EndTable

End

HFOTank	
	Name	HOLD2C
	ProTank 0x41a0002
	Frame      0    0

UllageVolTable
	   0.500	1355.515
	   3.950	 487.644
	   4.200	 425.343
	   4.400	 376.110
	   4.525	 345.879
	   4.650	 316.277
	   4.775	 287.386
	   4.900	 259.213
	   5.025	 231.828
	   5.150	 205.168
	   5.275	 179.220
	   5.425	 148.699
	   5.525	 128.918
	   5.600	 114.595
	   5.675	 100.774
	   5.750	  87.539
	   5.825	  74.989
	   5.875	  67.075
	   5.925	  59.647
	   5.975	  52.708
	   6.025	  46.254
	   6.075	  40.278
	   6.125	  34.774
	   6.175	  29.739
	   6.225	  25.166
	   6.275	  21.052
	   6.325	  17.375
	   6.375	  14.132
	   6.425	  11.303
	   6.500	   7.788
	   6.575	   5.069
	   6.630	   3.557
	EndTable

End

HFOTank	
	Name	HOLD3C
	ProTank 0x41a0003
	Frame      0    0

UllageVolTable
	   0.500	1356.675
	   3.950	 488.656
	   4.200	 426.349
	   4.400	 377.114
	   4.525	 346.883
	   4.650	 317.280
	   4.775	 288.389
	   4.900	 260.216
	   5.025	 232.813
	   5.150	 206.099
	   5.275	 180.045
	   5.425	 149.358
	   5.525	 129.457
	   5.600	 115.028
	   5.675	 101.108
	   5.750	  87.773
	   5.825	  75.129
	   5.875	  67.168
	   5.925	  59.710
	   5.975	  52.745
	   6.025	  46.269
	   6.075	  40.281
	   6.125	  34.775
	   6.175	  29.739
	   6.225	  25.165
	   6.275	  21.051
	   6.325	  17.374
	   6.375	  14.132
	   6.425	  11.303
	   6.500	   7.787
	   6.575	   5.066
	   6.630	   3.552
	EndTable

End

HFOTank	
	Name	HOLD4C
	ProTank 0x41a0004
	Frame      0    0

UllageVolTable
	   0.500	1355.913
	   3.950	 488.127
	   4.200	 425.848
	   4.400	 376.628
	   4.525	 346.402
	   4.650	 316.802
	   4.775	 287.911
	   4.900	 259.738
	   5.025	 232.335
	   5.150	 205.623
	   5.275	 179.602
	   5.425	 148.993
	   5.525	 129.150
	   5.600	 114.765
	   5.675	 100.889
	   5.750	  87.608
	   5.825	  75.022
	   5.875	  67.091
	   5.925	  59.659
	   5.975	  52.716
	   6.025	  46.258
	   6.075	  40.281
	   6.125	  34.776
	   6.175	  29.741
	   6.225	  25.168
	   6.275	  21.053
	   6.325	  17.375
	   6.375	  14.133
	   6.425	  11.304
	   6.500	   7.788
	   6.575	   5.069
	   6.630	   3.557
	EndTable

End

