HFOTank	
	Name	HFOP
	ProTank 0x41a0001
	Frame  49808203276851

LevelVolTable
	   0.000	   0.218
	   0.750	  14.261
	   1.475	  28.595
	   2.225	  44.209
	   2.400	  47.651
	   3.275	  63.834
	   4.000	  77.860
	   4.250	  83.602
	   4.400	  88.345
	   4.825	 102.038
	   4.950	 105.488
	   6.950	 154.889
	   6.975	 155.279
	   7.700	 159.735
	EndTable

End

HFOTank	
	Name	HFOS
	ProTank 0x41a0002
	Frame      0    0

LevelVolTable
	   0.000	   0.218
	   0.750	  14.261
	   1.475	  28.595
	   2.225	  44.209
	   2.400	  47.651
	   3.275	  63.832
	   4.000	  77.860
	   4.250	  83.602
	   4.400	  88.345
	   4.825	 102.037
	   4.950	 105.487
	   6.950	 154.889
	   6.975	 155.279
	   7.700	 159.735
	EndTable

End

HFOTank	
	Name	HFOSET
	ProTank 0x41a0003
	Frame      0    0

LevelVolTable
	   0.000	   0.341
	   2.075	  16.231
	   2.866	  18.634
	EndTable

End

HFOTank	
	Name	HFO___y_Tank_No1_(S)
	ProTank 0x41a0004
	Frame      0    0

LevelVolTable
	   0.000	   0.171
	   2.100	   8.155
	   2.866	   9.328
	EndTable

End

	
	Name	_HFO___y_Tank_No2(S)
	ProTank 0x41a0005
	Frame      0    0

LevelVolTable
	   0.000	   0.191
	   2.100	   8.166
	   2.833	   9.297
	EndTable

End

MiscTank	
	Name	M_OP/S
	ProTank 0x41a0006
	Frame  693315679    0

LevelVolTable
	   0.000	   0.196
	   2.988	  23.818
	EndTable

End

MiscTank	
	Name	M_OSET
	ProTank 0x41a0007
	Frame  693315634    0

LevelVolTable
	   0.000	   0.080
	   0.200	   0.956
	   2.123	  11.343
	EndTable

End

MiscTank	
	Name	M_O___y_Tank_(S)
	ProTank 0x41a0008
	Frame      0    0

LevelVolTable
	   0.000	   0.105
	   0.250	   1.285
	   2.112	  11.343
	EndTable

End

FreshWaterTank	
	Name	FWP
	ProTank 0x41a0009
	Frame      0    0

LevelVolTable
	   0.000	   0.014
	   0.000	   0.050
	   0.000	   5.838
	   0.006	   4.139
	   0.004	   5.360
	   0.005	   0.170
	   0.000	 175.000
	   0.200	   0.352
	   0.000	   0.410
	   0.000	   5.655
	   0.006	   4.207
	   0.004	   5.479
	   0.005	   0.410
	   0.000	 375.000
	   0.400	   0.909
	   0.001	   0.990
	   0.001	   5.509
	   0.005	   4.286
	   0.004	   5.604
	   0.006	   0.760
	   0.001	 575.000
	   0.600	   1.668
	   0.002	   1.780
	   0.002	   5.418
	   0.005	   4.370
	   0.004	   5.729
	   0.006	   1.210
	   0.001	 775.000
	   0.800	   2.597
	   0.003	   2.720
	   0.003	   5.359
	   0.005	   4.450
	   0.004	   5.854
	   0.006	   1.740
	   0.002	 975.000
	   1.000	   3.672
	   0.004	   3.820
	   0.004	   5.318
	   0.005	   4.525
	   0.005	   5.977
	   0.006	   2.290
	   0.002	1175.000
	   1.200	   4.870
	   0.005	   5.030
	   0.005	   5.288
	   0.005	   4.592
	   0.005	   6.099
	   0.006	   2.900
	   0.003	1375.000
	   1.400	   6.175
	   0.006	   6.350
	   0.007	   5.265
	   0.005	   4.654
	   0.005	   6.220
	   0.006	   3.500
	   0.004	1575.000
	   1.600	   7.574
	   0.008	   7.750
	   0.008	   5.248
	   0.005	   4.710
	   0.005	   6.340
	   0.006	   4.090
	   0.004	1775.000
	   1.800	   9.054
	   0.009	   9.240
	   0.009	   5.233
	   0.005	   4.762
	   0.005	   6.460
	   0.006	   4.690
	   0.005	1975.000
	   2.000	  10.606
	   0.011	  10.810
	   0.011	   5.222
	   0.005	   4.809
	   0.005	   6.578
	   0.007	   5.260
	   0.005	2175.000
	   2.200	  12.223
	   0.012	  12.430
	   0.013	   5.212
	   0.005	   4.852
	   0.005	   6.696
	   0.007	   5.830
	   0.006	2375.000
	   2.400	  13.898
	   0.014	  14.110
	   0.014	   5.204
	   0.005	   4.892
	   0.005	   6.814
	   0.007	   6.370
	   0.006	2575.000
	   2.600	  15.627
	   0.016	  15.850
	   0.016	   5.197
	   0.005	   4.929
	   0.005	   6.930
	   0.007	   6.920
	   0.007	2775.000
	   2.800	  17.406
	   0.018	  17.630
	   0.018	   5.191
	   0.005	   4.964
	   0.005	   7.047
	   0.007	   7.430
	   0.007	2975.000
	   3.000	  19.229
	   0.019	  19.460
	   0.020	   5.185
	   0.005	   4.997
	   0.005	   7.162
	   0.007	   7.920
	   0.008	3175.000
	   3.200	  21.093
	   0.021	  21.330
	   0.022	   5.180
	   0.005	   5.027
	   0.005	   7.278
	   0.007	   8.390
	   0.008	3375.000
	   3.400	  22.994
	   0.023	  23.170
	EndTable

End

FreshWaterTank	
	Name	FWS
	ProTank 0x41a000a
	Frame      0    0

LevelVolTable
	   0.000	   0.014
	   0.000	   0.050
	   0.000	   5.838
	   0.006	   4.139
	   0.004	   5.360
	   0.005	   0.170
	   0.000	 175.000
	   0.200	   0.352
	   0.000	   0.410
	   0.000	   5.655
	   0.006	   4.207
	   0.004	   5.479
	   0.005	   0.410
	   0.000	 375.000
	   0.400	   0.909
	   0.001	   0.990
	   0.001	   5.509
	   0.005	   4.286
	   0.004	   5.604
	   0.006	   0.760
	   0.001	 575.000
	   0.600	   1.668
	   0.002	   1.780
	   0.002	   5.418
	   0.005	   4.370
	   0.004	   5.729
	   0.006	   1.210
	   0.001	 775.000
	   0.800	   2.597
	   0.003	   2.720
	   0.003	   5.359
	   0.005	   4.450
	   0.004	   5.854
	   0.006	   1.740
	   0.002	 975.000
	   1.000	   3.672
	   0.004	   3.820
	   0.004	   5.318
	   0.005	   4.525
	   0.005	   5.977
	   0.006	   2.290
	   0.002	1175.000
	   1.200	   4.870
	   0.005	   5.030
	   0.005	   5.288
	   0.005	   4.592
	   0.005	   6.099
	   0.006	   2.900
	   0.003	1375.000
	   1.400	   6.175
	   0.006	   6.350
	   0.007	   5.265
	   0.005	   4.654
	   0.005	   6.220
	   0.006	   3.500
	   0.004	1575.000
	   1.600	   7.574
	   0.008	   7.750
	   0.008	   5.248
	   0.005	   4.710
	   0.005	   6.340
	   0.006	   4.090
	   0.004	1775.000
	   1.800	   9.054
	   0.009	   9.240
	   0.009	   5.233
	   0.005	   4.762
	   0.005	   6.460
	   0.006	   4.690
	   0.005	1975.000
	   2.000	  10.606
	   0.011	  10.810
	   0.011	   5.222
	   0.005	   4.809
	   0.005	   6.578
	   0.007	   5.260
	   0.005	2175.000
	   2.200	  12.223
	   0.012	  12.430
	   0.013	   5.212
	   0.005	   4.852
	   0.005	   6.696
	   0.007	   5.830
	   0.006	2375.000
	   2.400	  13.898
	   0.014	  14.110
	   0.014	   5.204
	   0.005	   4.892
	   0.005	   6.814
	   0.007	   6.370
	   0.006	2575.000
	   2.600	  15.627
	   0.016	  15.850
	   0.016	   5.197
	   0.005	   4.929
	   0.005	   6.930
	   0.007	   6.920
	   0.007	2775.000
	   2.800	  17.406
	   0.018	  17.630
	   0.018	   5.191
	   0.005	   4.964
	   0.005	   7.047
	   0.007	   7.430
	   0.007	2975.000
	   3.000	  19.229
	   0.019	  19.460
	   0.020	   5.185
	   0.005	   4.997
	   0.005	   7.162
	   0.007	   7.920
	   0.008	3175.000
	   3.200	  21.093
	   0.021	  21.330
	   0.022	   5.180
	   0.005	   5.027
	   0.005	   7.278
	   0.007	   8.390
	   0.008	3375.000
	   3.400	  22.994
	   0.023	  23.170
	EndTable

End

HFOTank	
	Name	HFOOFLOW
	ProTank 0x41a000b
	Frame      0    0

LevelVolTable
	   0.000	   0.032
	   0.000	   0.110
	   0.000	  19.949
	   0.020	   2.980
	   0.003	   0.070
	   0.000	   1.840
	   0.002	 175.000
	   0.200	   0.992
	   0.001	   1.120
	   0.001	  19.849
	   0.020	   3.248
	   0.003	   0.183
	   0.000	   3.790
	   0.004	 375.000
	   0.400	   2.325
	   0.003	   2.460
	   0.003	  19.819
	   0.020	   3.401
	   0.003	   0.295
	   0.000	   5.060
	   0.005	 575.000
	   0.600	   3.844
	   0.004	   3.960
	   0.004	  19.794
	   0.020	   3.500
	   0.004	   0.406
	   0.000	   5.960
	   0.006	 775.000
	   0.800	   5.467
	   0.006	   5.560
	   0.006	  19.771
	   0.020	   3.570
	   0.004	   0.515
	   0.001	   6.880
	   0.007	 975.000
	   1.000	   7.168
	   0.007	   7.240
	   0.007	  19.750
	   0.020	   3.628
	   0.004	   0.625
	   0.001	   7.900
	   0.008	1175.000
	   1.200	   8.937
	   0.009	   8.980
	   0.009	  19.732
	   0.020	   3.678
	EndTable

End

	
	Name	STCFW
	ProTank 0x41a000c
	Frame      0    0

LevelVolTable
	   0.000	   0.001
	   0.000	   0.000
	   0.000	   6.323
	   0.006	   0.000
	   0.000	   0.136
	   0.000	   0.010
	   0.000	 175.000
	   0.200	   0.083
	   0.000	   0.100
	   0.000	   6.081
	   0.006	   0.000
	   0.000	   0.270
	   0.000	   0.070
	   0.000	 375.000
	   0.400	   0.298
	   0.000	   0.330
	   0.000	   5.958
	   0.006	   0.000
	   0.000	   0.402
	   0.000	   0.170
	   0.000	 575.000
	   0.600	   0.646
	   0.001	   0.700
	   0.001	   5.853
	   0.006	   0.000
	   0.000	   0.534
	   0.001	   0.330
	   0.000	 775.000
	   0.800	   1.121
	   0.001	   1.190
	   0.001	   5.765
	   0.006	   0.000
	   0.001	   0.530
	   0.001	 975.000
	   1.000	   1.732
	   0.002	   1.820
	   0.002	   5.685
	   0.006	   0.000
	   0.000	   0.799
	   0.001	   0.780
	   0.001	1175.000
	   1.200	   2.473
	   0.003	   2.570
	   0.003	   5.609
	   0.006	   0.000
	   0.000	   0.930
	   0.001	   1.040
	   0.001	1375.000
	   1.400	   3.337
	   0.003	   3.450
	   0.004	   5.539
	   0.006	   0.000
	   0.000	   1.060
	   0.001	   1.290
	   0.001	1575.000
	   1.600	   4.301
	   0.004	   4.430
	   0.005	   5.481
	   0.005	   0.000
	   0.000	   1.186
	   0.001	   1.500
	   0.002	1775.000
	   1.800	   5.338
	   0.006	   5.437
	   0.005	   0.000
	   0.000	   1.302
	   0.001	   1.690
	   0.002	1975.000
	   2.000	   6.239
	   0.006	   6.340
	   0.006	   5.422
	   0.005	   0.000
	   0.000	   1.397
	   0.001	   1.850
	   0.002	2175.000
	   2.200	   7.093
	   0.007	   7.210
	   0.007	   5.411
	   0.005	   0.000
	   0.000	   1.506
	   0.002	   2.010
	   0.002	2375.000
	   2.400	   8.173
	   0.008	   8.310
	   0.008	   5.393
	   0.005	   0.000
	   0.000	   1.626
	   0.002	   2.130
	   0.002	2575.000
	   2.600	   9.263
	   0.009	   9.400
	   0.010	   5.383
	   0.005	   0.000
	   0.000	   1.738
	   0.002	   2.250
	   0.002	2775.000
	   2.800	  10.339
	   0.010	  10.470
	   0.011	   5.382
	   0.005	   0.000
	   0.000	   1.845
	   0.002	   2.420
	   0.002	2975.000
	   3.000	  11.400
	   0.012	  11.530
	   0.012	   5.387
	   0.005	   0.000
	   0.000	   1.949
	   0.002	   2.650
	   0.003	3175.000
	   3.200	  12.451
	   0.013	  12.580
	   0.013	   5.396
	   0.005	   0.000
	   0.000	   2.050
	   0.002	   2.960
	   0.003	3375.000
	   3.400	  13.501
	   0.014	  13.630
	   0.014	   5.408
	   0.005	   0.000
	   0.000	   2.151
	   0.002	   3.540
	   0.004	3575.000
	   3.600	  14.581
	   0.015	  14.720
	   0.015	   5.422
	   0.005	   0.000
	   0.000	   2.256
	   0.002	   4.590
	   0.005	3775.000
	   3.800	  15.736
	   0.016	  15.890
	   0.016	   5.436
	   0.005	   0.000
	   0.000	   2.368
	   0.002	   6.410
	   0.007	3975.000
	   4.000	  17.025
	   0.017	  17.200
	   0.017	   5.449
	   0.005	   0.000
	   0.000	   2.493
	   0.003	   9.560
	   0.010	4175.000
	   4.200	  18.574
	   0.019	  18.790
	   0.019	   5.459
	   0.005	   0.000
	   0.000	   2.641
	   0.003	  15.070
	   0.016	4375.000
	   4.400	  20.495
	   0.021	  20.770
	   0.021	   5.461
	   0.005	   0.000
	   0.000	   2.812
	   0.003	  24.470
	   0.026	4575.000
	   4.600	  22.915
	   0.023	  23.260
	   0.024	   5.449
	   0.005	   0.000
	   0.000	   3.011
	   0.003	  40.170
	   0.043	4775.000
	   4.800	  26.013
	   0.026	  26.450
	   0.027	   5.419
	   0.005	   0.000
	   0.000	   3.234
	   0.003	  64.530
	   0.068	4975.000
	   5.000	  29.878
	   0.030	  30.420
	   0.031	   5.374
	   0.005	   0.000
	   0.000	   3.465
	   0.003	  99.620
	   0.105	5175.000
	   5.200	  34.514
	   0.035	  35.150
	   0.036	   5.324
	   0.005	   0.000
	EndTable

End

FreshWaterTank	
	Name	FPSWB
	ProTank 0x41a000d
	Frame      0    0

LevelVolTable
	   0.000	   0.010
	   0.000	   0.030
	   0.000	 103.336
	   0.103	   0.000
	   0.000	   0.030
	   0.000	 175.000
	   0.200	   0.245
	   0.000	   0.300
	   0.000	 103.568
	   0.104	   0.000
	   0.000	   0.180
	   0.000	 375.000
	   0.400	   0.730
	   0.001	   0.830
	   0.001	 103.715
	   0.104	   0.000
	   0.000	   0.308
	   0.000	   0.450
	   0.001	 575.000
	   0.600	   1.450
	   0.002	   1.600
	   0.002	 103.833
	   0.104	   0.000
	   0.000	   0.424
	   0.000	   0.890
	   0.001	 775.000
	   0.800	   2.411
	   0.003	   2.610
	   0.003	 103.945
	   0.104	   0.000
	   0.000	   0.541
	   0.001	   1.460
	   0.002	 975.000
	   1.000	   3.601
	   0.004	   3.860
	   0.004	 104.043
	   0.104	   0.000
	   0.000	   0.658
	   0.001	   2.180
	   0.002	1175.000
	   1.200	   5.023
	   0.005	   5.350
	   0.006	 104.136
	   0.104	   0.000
	   0.000	   0.775
	   0.001	   3.030
	   0.003	1375.000
	   1.400	   6.666
	   0.007	   7.060
	   0.007	 104.222
	   0.104	   0.000
	   0.000	   0.892
	   0.001	   3.970
	   0.004	1575.000
	   1.600	   8.534
	   0.009	   9.000
	   0.009	 104.307
	   0.104	   0.000
	   0.000	   1.009
	   0.001	   5.020
	   0.005	1775.000
	   1.800	  10.607
	   0.011	  11.150
	   0.011	 104.383
	   0.104	   0.000
	   0.000	   1.124
	   0.001	   6.120
	   0.006	1975.000
	   2.000	  12.873
	   0.013	  13.500
	   0.014	 104.454
	   0.104	   0.000
	   0.000	   1.240
	   0.001	   7.320
	   0.007	2175.000
	   2.200	  15.339
	   0.016	  16.050
	   0.016	 104.524
	   0.105	   0.000
	   0.000	   1.355
	   0.001	   8.500
	   0.009	2375.000
	   2.400	  17.989
	   0.018	  18.790
	   0.019	 104.588
	   0.105	   0.000
	   0.000	   1.469
	   0.001	   9.710
	   0.010	2575.000
	   2.600	  20.788
	   0.021	  21.680
	   0.022	 104.645
	   0.105	   0.000
	   0.000	   1.582
	   0.002	  10.930
	   0.011	2775.000
	   2.800	  23.753
	   0.024	  24.740
	   0.025	 104.701
	   0.105	   0.000
	   0.000	   1.695
	   0.002	  12.130
	   0.012	2975.000
	   3.000	  26.865
	   0.027	  27.940
	   0.028	 104.752
	   0.105	   0.000
	   0.000	   1.807
	   0.002	  13.270
	   0.013	3175.000
	   3.200	  30.105
	   0.031	  31.280
	   0.032	 104.799
	   0.105	   0.000
	   0.000	   1.918
	   0.002	  14.370
	   0.014	3375.000
	   3.400	  33.469
	   0.034	  34.750
	   0.035	 104.844
	   0.105	   0.000
	   0.000	   2.028
	   0.002	  15.380
	   0.015	3575.000
	   3.600	  36.937
	   0.037	  38.310
	   0.039	 104.884
	   0.105	   0.000
	   0.000	   2.137
	   0.002	  16.330
	   0.016	3775.000
	   3.800	  40.511
	   0.041	  42.020
	   0.043	 104.922
	   0.105	   0.000
	   0.000	   2.250
	   0.002	  17.200
	   0.017	3975.000
	   4.000	  44.469
	   0.045	  46.090
	   0.047	 104.958
	   0.105	   0.000
	   0.000	   2.366
	   0.002	  17.970
	   0.018	4175.000
	   4.200	  48.508
	   0.049	  50.240
	   0.051	 104.991
	   0.105	   0.000
	   0.000	   2.481
	   0.002	  18.550
	   0.019	4375.000
	   4.400	  52.602
	   0.053	  54.440
	   0.055	 105.020
	   0.105	   0.000
	   0.000	   2.594
	   0.003	  18.970
	   0.019	4575.000
	   4.600	  56.718
	   0.057	  58.660
	   0.059	 105.045
	   0.105	   0.000
	   0.000	   2.705
	   0.003	  19.170
	   0.019	4775.000
	   4.800	  60.841
	   0.061	  62.890
	   0.063	 105.066
	   0.105	   0.000
	   0.000	   2.814
	   0.003	  19.190
	   0.019	4975.000
	   5.000	  64.950
	   0.065	  67.100
	   0.068	 105.083
	   0.105	   0.000
	   0.000	   2.921
	   0.003	  19.020
	   0.019	5175.000
	   5.200	  69.010
	   0.070	  71.250
	   0.072	 105.096
	   0.105	   0.000
	   0.000	   3.025
	   0.003	  18.740
	   0.019	5375.000
	   5.400	  72.987
	   0.073	  75.310
	   0.076	 105.104
	   0.105	   0.000
	   0.000	   3.126
	   0.003	  18.300
	   0.018	5575.000
	   5.600	  76.842
	   0.077	  79.250
	   0.080	 105.106
	   0.105	   0.000
	   0.000	   3.222
	   0.003	  18.030
	   0.018	5775.000
	   5.800	  80.535
	   0.081	  83.010
	   0.083	 105.103
	   0.105	   0.000
	   0.000	   3.314
	   0.003	  17.910
	   0.018	5975.000
	   6.000	  84.002
	   0.084	  86.530
	   0.087	 105.091
	   0.105	   0.000
	   0.000	   3.400
	   0.003	  18.480
	   0.019	6175.000
	   6.200	  87.170
	   0.088	  89.730
	   0.090	 105.068
	   0.105	   0.000
	   0.000	   3.478
	   0.003	  20.030
	   0.020	6375.000
	   6.400	  89.963
	   0.090	  92.550
	   0.093	 105.032
	   0.105	   0.000
	   0.000	   3.550
	   0.004	  22.400
	   0.023	6575.000
	   6.600	  92.679
	   0.093	  95.350
	   0.096	 104.994
	   0.105	   0.000
	   0.000	   3.625
	   0.004	  25.440
	   0.026	6775.000
	   6.800	  95.531
	   0.096	  98.300
	   0.099	 104.957
	   0.105	   0.000
	   0.000	   3.706
	   0.004	  16.040
	   0.016	6975.000
	   7.000	  97.883
	   0.098	 100.550
	   0.101	 104.941
	   0.105	   0.000
	   0.000	   3.755
	   0.004	  20.120
	   0.021	7175.000
	   7.200	  99.688
	   0.100	 102.430
	   0.103	 104.933
	   0.105	   0.000
	   0.000	   3.811
	   0.004	  25.180
	   0.026	7375.000
	   7.400	 101.727
	   0.102	 104.550
	   0.105	 104.925
	   0.105	   0.000
	   0.000	   3.875
	   0.004	  30.930
	   0.032	7575.000
	   7.600	 104.009
	   0.104	 106.920
	   0.107	 104.917
	   0.105	   0.000
	   0.000	   3.948
	   0.004	  37.450
	   0.038	7775.000
	   7.800	 106.540
	   0.107	 109.550
	   0.110	 104.908
	   0.105	   0.000
	   0.000	   4.031
	   0.004	  44.710
	   0.046	7975.000
	   8.000	 109.323
	   0.110	 112.430
	   0.113	 104.900
	   0.105	   0.000
	   0.000	   4.121
	   0.004	  52.820
	   0.054	8175.000
	   8.200	 112.363
	   0.113	 115.580
	   0.116	 104.891
	   0.105	   0.000
	   0.000	   4.220
	   0.004	  61.860
	   0.063	8375.000
	   8.400	 115.680
	   0.116	 119.020
	   0.119	 104.883
	   0.105	   0.000
	   0.000	   4.329
	   0.004	  71.870
	   0.073	8575.000
	   8.600	 119.331
	   0.120	 122.800
	   0.123	 104.877
	   0.105	   0.000
	   0.000	   4.447
	   0.004	  82.950
	   0.084	8775.000
	   8.800	 123.294
	   0.124	 126.910
	   0.127	 104.872
	   0.105	   0.000
	   0.000	   4.573
	   0.005	  95.230
	   0.097	8975.000
	   9.000	 127.566
	   0.128	 131.330
	   0.132	 104.867
	   0.105	   0.000
	   0.000	   4.706
	   0.005	 108.640
	   0.110	9175.000
	   9.200	 132.145
	   0.133	 136.060
	   0.137	 104.863
	   0.105	   0.000
	   0.000	   4.846
	   0.005	 123.140
	   0.125	9375.000
	   9.400	 137.045
	   0.138	 141.120
	   0.142	 104.861
	   0.105	   0.000
	   0.000	   4.994
	   0.005	 137.470
	   0.139	9575.000
	   9.600	 142.320
	   0.143	 146.580
	   0.147	 104.861
	   0.105	   0.000
	   0.000	   5.148
	   0.005	 152.870
	   0.155	9775.000
	   9.800	 147.925
	   0.149	 152.330
	   0.153	 104.863
	   0.105	   0.000
	   0.000	   5.301
	   0.005	 168.510
	   0.170	9975.000
	  10.000	 153.497
	   0.154	 158.070
	   0.159	 104.867
	   0.105	   0.000
	   0.000	   5.453
	   0.005	 184.830
	   0.187	10175.000
	  10.200	 159.346
	   0.160	 164.100
	   0.165	 104.871
	   0.105	   0.000
	   0.000	   5.608
	   0.006	 202.080
	   0.204	10375.000
	  10.400	 165.472
	   0.166	 170.410
	   0.171	 104.877
	   0.105	   0.000
	   0.000	   5.766
	   0.006	 220.390
	   0.223	10575.000
	  10.600	 171.875
	   0.173	 177.020
	   0.178	 104.883
	   0.105	   0.000
	   0.000	   5.926
	   0.006	 239.950
	   0.242	10775.000
	  10.800	 178.656
	   0.180	 184.020
	   0.185	 104.892
	   0.105	   0.000
	   0.000	   6.090
	   0.263	10975.000
	  11.000	 185.788
	   0.187	 191.370
	   0.192	 104.903
	   0.105	   0.000
	   0.000	   6.256
	   0.006	 282.560
	   0.285	11175.000
	  11.200	 193.242
	   0.194	 199.050
	   0.200	 104.914
	   0.105	   0.000
	   0.000	   6.423
	   0.006	 305.630
	   0.309	11375.000
	  11.400	 201.008
	   0.202	 207.050
	   0.208	 104.927
	   0.105	   0.000
	   0.000	   6.594
	   0.007	 330.420
	   0.334	11575.000
	  11.600	 209.477
	   0.211	 215.850
	   0.217	 104.941
	   0.105	   0.000
	   0.000	   6.774
	   0.007	 357.780
	   0.361	11775.000
	  11.800	 218.478
	   0.220	 225.130
	   0.226	 104.955
	   0.105	   0.000
	   0.000	   6.956
	   0.007	 387.070
	   0.391	11975.000
	  12.000	 227.937
	   0.229	 234.880
	   0.236	 104.973
	   0.105	   0.000
	   0.000	   7.140
	   0.007	 417.870
	   0.422	12175.000
	  12.200	 237.806
	   0.239	 245.040
	   0.246	 104.991
	   0.105	   0.000
	   0.000	   7.324
	   0.007	 450.120
	   0.413	12360.000
	EndTable

End

	
	Name	SWB1P/S
	ProTank 0x41a000e
	Frame      0    0

LevelVolTable
	   0.000	   0.212
	   0.000	   0.330
	   0.000	 100.381
	   0.100	   3.206
	   0.003	   6.462
	   0.006	   2.110
	   0.002	 175.000
	   0.200	   1.111
	   0.001	   1.260
	   0.001	 100.388
	   0.100	   3.227
	   0.003	   6.547
	   0.007	   2.370
	   0.002	 375.000
	   0.400	   2.054
	   0.002	   2.230
	   0.002	 100.394
	   0.100	   3.248
	   0.003	   6.633
	   0.007	   2.660
	   0.003	 575.000
	   0.600	   3.041
	   0.003	   3.250
	   0.003	 100.400
	   0.100	   3.270
	   0.003	   6.720
	   0.007	   2.960
	   0.003	 775.000
	   0.800	   4.072
	   0.004	   4.310
	   0.004	 100.406
	   0.100	   3.292
	   0.003	   6.809
	   0.007	   3.300
	   0.003	 975.000
	   1.000	   5.152
	   0.005	   5.430
	   0.006	 100.411
	   0.100	   3.316
	   0.003	   6.902
	   0.007	   3.680
	   0.004	1175.000
	   1.200	   6.414
	   0.007	   6.750
	   0.007	 100.417
	   0.100	   3.343
	   0.003	   7.008
	   0.007	   4.130
	   0.004	1375.000
	   1.400	   7.805
	   0.008	   8.180
	   0.008	 100.423
	   0.100	   3.370
	   0.003	   7.117
	   0.007	   4.630
	   0.005	1575.000
	   1.600	   9.258
	   0.009	   9.680
	   0.010	 100.429
	   0.100	   3.399
	   0.003	   7.226
	   0.007	   5.170
	   0.005	1775.000
	   1.800	  10.779
	   0.011	  11.250
	   0.011	 100.435
	   0.100	   3.427
	   0.003	   7.338
	   0.007	   5.750
	   0.006	1975.000
	   2.000	  12.380
	   0.013	  12.900
	   0.013	 100.440
	   0.100	   3.456
	   0.003	   7.451
	   0.007	   6.380
	   0.006	2175.000
	   2.200	  14.045
	   0.014	  14.610
	   0.015	 100.446
	   0.100	   3.486
	   0.003	   7.565
	   0.008	   7.040
	   0.007	2375.000
	   2.400	  15.773
	   0.016	  16.390
	   0.017	 100.451
	   0.100	   3.515
	   0.004	   7.680
	   0.008	   7.750
	   0.008	2575.000
	   2.600	  17.562
	   0.018	  18.230
	   0.018	 100.455
	   0.100	   3.545
	   0.004	   7.795
	   0.008	   8.430
	   0.009	2775.000
	   2.800	  19.409
	   0.020	  20.130
	   0.020	 100.460
	   0.100	   3.574
	   0.004	   7.911
	   0.008	   9.130
	   0.009	2975.000
	   3.000	  21.310
	   0.022	  22.090
	   0.022	 100.464
	   0.100	   3.602
	   0.004	   8.027
	   0.008	   9.860
	   0.010	3175.000
	   3.200	  23.265
	   0.024	  24.100
	   0.024	 100.468
	   0.100	   3.631
	   0.004	   8.143
	   0.008	  10.640
	   0.011	3375.000
	   3.400	  25.273
	   0.026	  26.170
	   0.026	 100.472
	   0.100	   3.659
	   0.004	   8.260
	   0.008	  11.440
	   0.012	3575.000
	   3.600	  27.334
	   0.028	  28.290
	   0.029	 100.476
	   0.100	   3.686
	   0.004	   8.377
	   0.008	  12.280
	   0.012	3775.000
	   3.800	  29.448
	   0.030	  30.460
	   0.031	 100.479
	   0.100	   3.714
	   0.004	   8.495
	   0.009	  13.150
	   0.013	3975.000
	   4.000	  31.613
	   0.032	  32.680
	   0.033	 100.483
	   0.100	   3.741
	   0.004	   8.612
	   0.009	  14.060
	   0.014	4175.000
	   4.200	  33.830
	   0.034	  34.960
	   0.035	 100.486
	   0.100	   3.769
	   0.004	   8.730
	   0.009	  15.010
	   0.015	4375.000
	   4.400	  36.098
	   0.036	  37.290
	   0.038	 100.489
	   0.100	   3.796
	   0.004	   8.849
	   0.009	  16.000
	   0.016	4575.000
	   4.600	  38.417
	   0.039	  39.680
	   0.040	 100.492
	   0.100	   3.823
	   0.004	   8.967
	   0.009	  17.020
	   0.017	4775.000
	   4.800	  40.787
	   0.041	  42.110
	   0.042	 100.495
	   0.100	   3.849
	   0.004	   9.086
	   0.009	  18.080
	   0.018	4975.000
	   5.000	  43.207
	   0.044	  44.600
	   0.045	 100.497
	   0.100	   3.876
	   0.004	   9.206
	   0.009	  19.170
	   0.019	5175.000
	   5.200	  45.677
	   0.046	  47.140
	   0.047	 100.500
	   0.101	   3.903
	   0.004	   9.325
	   0.009	  20.300
	   0.020	5375.000
	   5.400	  48.196
	   0.049	  49.730
	   0.050	 100.502
	   0.101	   3.929
	   0.004	   9.439
	EndTable

End

	
	Name	SWB2P
	ProTank 0x41a000f
	Frame      0    0

LevelVolTable
	   0.000	   0.007
	   0.000	   0.030
	   0.000	  97.795
	   0.098	   0.276
	   0.000	   0.160
	   0.000	 175.000
	   0.200	   0.375
	   0.000	   0.450
	   0.001	  97.808
	   0.098	   0.491
	   0.001	   0.193
	   0.000	   0.600
	   0.001	 375.000
	   0.400	   1.004
	   0.001	   1.120
	   0.001	  97.813
	   0.098	   0.638
	   0.001	   0.313
	   0.000	   1.170
	   0.001	 575.000
	   0.600	   1.810
	   0.002	   1.970
	   0.002	  97.816
	   0.098	   0.756
	   0.001	   0.433
	   0.000	   1.850
	   0.002	 775.000
	   0.800	   2.758
	   0.003	   2.960
	   0.003	  97.819
	   0.098	   0.855
	   0.001	   0.552
	   0.001	   2.590
	   0.003	 975.000
	   1.000	   3.824
	   0.004	   4.060
	   0.004	  97.822
	   0.098	   0.943
	   0.001	   0.672
	   0.001	   3.370
	   0.003	1175.000
	   1.200	   4.994
	   0.005	   5.280
	   0.005	  97.824
	   0.098	   1.020
	   0.001	   0.790
	   0.001	   4.210
	   0.004	1375.000
	   1.400	   6.257
	   0.006	   6.580
	   0.007	  97.826
	   0.098	   1.091
	   0.001	   0.909
	   0.001	   5.060
	   0.005	1575.000
	   1.600	   7.603
	   0.008	   7.970
	   0.008	  97.827
	   0.098	   1.156
	   0.001	   1.028
	   0.001	   5.920
	   0.006	1775.000
	   1.800	   9.024
	   0.009	   9.440
	   0.010	  97.829
	   0.098	   1.216
	   0.001	   1.146
	   0.001	   6.800
	   0.007	1975.000
	   2.000	  10.515
	   0.011	  10.970
	   0.011	  97.830
	   0.098	   1.272
	   0.001	   1.264
	   0.001	   7.680
	   0.008	2175.000
	   2.200	  12.070
	   0.012	  12.570
	   0.013	  97.832
	   0.098	   1.324
	   0.001	   1.382
	   0.001	   8.560
	   0.009	2375.000
	   2.400	  13.683
	   0.014	  14.240
	   0.014	  97.833
	   0.098	   1.373
	   0.001	   1.499
	   0.002	   9.440
	   0.010	2575.000
	   2.600	  15.352
	   0.016	  15.950
	   0.016	  97.834
	   0.098	   1.419
	   0.001	   1.616
	   0.002	  10.330
	   0.010	2775.000
	   2.800	  17.073
	   0.017	  17.720
	   0.018	  97.835
	   0.098	   1.462
	   0.001	   1.733
	   0.002	  11.210
	   0.011	2975.000
	   3.000	  18.842
	   0.019	  19.540
	   0.020	  97.836
	   0.098	   1.503
	   0.002	   1.850
	   0.002	  12.100
	   0.012	3175.000
	   3.200	  20.658
	   0.021	  21.410
	   0.022	  97.837
	   0.098	   1.543
	   0.002	   1.967
	   0.002	  13.000
	   0.013	3375.000
	   3.400	  22.520
	   0.023	  23.320
	   0.024	  97.838
	   0.098	   1.580
	   0.002	   2.083
	   0.002	  13.910
	   0.014	3575.000
	   3.600	  24.424
	   0.025	  25.280
	   0.026	  97.838
	   0.098	   1.617
	   0.002	   2.200
	   0.002	  14.840
	   0.015	3775.000
	   3.800	  26.371
	   0.027	  27.280
	   0.028	  97.839
	   0.098	   1.652
	   0.002	   2.316
	   0.002	  15.790
	   0.016	3975.000
	   4.000	  28.359
	   0.029	  29.330
	   0.030	  97.840
	   0.098	   1.685
	   0.002	   2.433
	   0.002	  16.760
	   0.017	4175.000
	   4.200	  30.388
	   0.031	  31.410
	   0.032	  97.840
	   0.098	   1.718
	   0.002	   2.549
	   0.003	  17.770
	   0.018	4375.000
	   4.400	  32.458
	   0.033	  33.540
	   0.034	  97.841
	   0.098	   1.750
	   0.002	   2.666
	   0.003	  18.820
	   0.019	4575.000
	   4.600	  34.568
	   0.035	  35.710
	   0.036	  97.841
	   0.098	   1.782
	   0.002	   2.783
	   0.003	  19.900
	   0.020	4775.000
	   4.800	  36.718
	   0.037	  37.910
	   0.038	  97.842
	   0.098	   1.812
	   0.002	   2.900
	   0.003	  21.020
	   0.021	4975.000
	   5.000	  38.909
	   0.039	  40.170
	   0.040	  97.842
	   0.098	   1.843
	   0.002	   3.017
	   0.003	  22.200
	   0.022	5175.000
	   5.200	  41.142
	   0.041	  42.460
	   0.043	  97.843
	   0.098	   1.872
	   0.002	   3.134
	   0.003	  23.420
	   0.024	5375.000
	   5.400	  43.415
	   0.044	  44.790
	   0.045	  97.844
	   0.098	   1.902
	   0.002	   3.252
	   0.003	  24.710
	   0.025	5575.000
	   5.600	  45.731
	   0.046	  47.170
	   0.047	  97.844
	   0.098	   1.931
	   0.002	   3.370
	   0.003	  26.050
	   0.026	5775.000
	   5.800	  48.088
	   0.048	  49.600
	   0.050	  97.845
	   0.098	   1.961
	   0.002	   3.488
	   0.004	  27.430
	   0.028	5975.000
	   6.000	  50.488
	   0.051	  52.060
	   0.052	  97.845
	   0.098	   1.990
	   0.002	   3.607
	   0.004	  28.870
	   0.029	6175.000
	   6.200	  52.930
	   0.053	  54.570
	   0.055	  97.846
	   0.098	   2.019
	   0.002	   3.725
	   0.004	  30.350
	   0.031	6375.000
	   6.400	  55.414
	   0.056	  57.120
	   0.057	  97.847
	   0.098	   2.047
	   0.002	   3.845
	   0.004	  31.880
	   0.032	6575.000
	   6.600	  57.941
	   0.058	  59.720
	   0.060	  97.847
	   0.098	   2.076
	   0.002	   3.964
	   0.004	  33.440
	   0.034	6775.000
	   6.800	  60.509
	   0.061	  62.350
	   0.063	  97.848
	   0.098	   2.105
	   0.002	   4.084
	   0.004	  35.040
	   0.035	6975.000
	   7.000	  63.119
	   0.063	  65.030
	   0.065	  97.849
	   0.098	   2.133
	   0.002	   4.203
	   0.004	  36.680
	   0.037	7175.000
	   7.200	  65.769
	   0.066	  67.760
	   0.068	  97.850
	   0.098	   2.161
	   0.002	   4.323
	   0.004	  38.330
	   0.039	7375.000
	   7.400	  68.460
	   0.069	  70.520
	   0.071	  97.850
	   0.098	   2.189
	   0.002	   4.444
	   0.004	  40.020
	   0.040	7575.000
	   7.600	  71.191
	   0.072	  73.320
	   0.074	  97.851
	   0.098	   2.217
	   0.002	   4.564
	   0.005	  41.710
	   0.042	7775.000
	   7.800	  73.962
	   0.074	  76.170
	   0.077	  97.852
	   0.098	   2.245
	   0.002	   4.685
	   0.005	  43.430
	   0.044	7975.000
	   8.000	  76.770
	   0.077	  79.050
	   0.079	  97.852
	   0.098	   2.273
	   0.002	   4.805
	   0.005	  45.140
	   0.045	8175.000
	   8.200	  79.616
	   0.080	  81.970
	   0.082	  97.853
	   0.098	   2.300
	   0.002	   4.926
	   0.005	  46.860
	   0.047	8375.000
	   8.400	  82.498
	   0.083	  84.930
	   0.085	  97.854
	   0.098	   2.327
	   0.002	   5.047
	   0.005	  48.580
	   0.049	8575.000
	   8.600	  85.416
	   0.086	  87.930
	   0.088	  97.855
	   0.098	   2.354
	   0.002	   5.167
	   0.005	  50.280
	   0.050	8775.000
	   8.800	  88.195
	   0.088	  90.650
	   0.091	  97.855
	   0.098	   2.389
	   0.002	   5.260
	   0.005	  14.130
	   0.014	8975.000
	   9.000	  90.123
	   0.090	  92.630
	   0.093	  97.855
	   0.098	   2.430
	   0.002	   5.340
	   0.005	  14.820
	   0.015	9175.000
	   9.200	  92.082
	   0.092	  94.640
	   0.095	  97.855
	   0.098	   2.471
	   0.002	   5.422
	   0.005	  15.540
	   0.016	9375.000
	   9.400	  94.074
	   0.094	  96.680
	   0.097	  97.856
	   0.098	   2.511
	   0.003	   5.507
	   0.006	  16.270
	   0.016	9575.000
	   9.600	  96.097
	   0.096	  98.760
	   0.099	  97.856
	   0.098	   2.551
	   0.003	   5.593
	   0.006	  17.020
	   0.017	9775.000
	   9.800	  98.152
	   0.098	 100.870
	   0.101	  97.856
	   0.098	   2.591
	   0.003	   5.681
	   0.006	  17.800
	   0.018	9975.000
	  10.000	 100.238
	   0.101	 103.010
	   0.103	  97.857
	   0.098	   2.630
	   0.003	   5.771
	   0.006	  18.590
	   0.019	10175.000
	  10.200	 102.356
	   0.103	 105.190
	   0.105	  97.857
	   0.098	   2.669
	   0.003	   5.863
	   0.006	  19.390
	   0.020	10375.000
	  10.400	 104.504
	   0.105	 107.390
	   0.108	  97.857
	   0.098	   2.708
	   0.003	   5.957
	   0.006	  20.220
	   0.020	10575.000
	  10.600	 106.683
	   0.107	 109.630
	   0.110	  97.858
	   0.098	   2.746
	   0.003	   6.052
	   0.006	  21.070
	   0.021	10775.000
	  10.800	 108.892
	   0.109	 111.900
	   0.112	  97.858
	   0.098	   2.784
	   0.003	   6.148
	   0.006	  21.940
	   0.022	10975.000
	  11.000	 111.132
	   0.111	 114.200
	   0.114	  97.858
	   0.098	   2.821
	   0.003	   6.246
	   0.006	  22.820
	   0.023	11175.000
	  11.200	 113.402
	   0.114	 116.530
	   0.117	  97.859
	   0.098	   2.858
	   0.003	   6.345
	   0.006	  23.730
	   0.024	11375.000
	  11.400	 115.702
	   0.116	 118.890
	   0.119	  97.859
	   0.098	   2.895
	   0.003	   6.446
	   0.006	  24.660
	   0.025	11575.000
	  11.600	 118.032
	   0.118	 121.280
	   0.122	  97.860
	   0.098	   2.931
	   0.003	   6.547
	   0.007	   2.540
	EndTable

End

	
	Name	SWB2S
	ProTank 0x41a0010
	Frame      0    0

LevelVolTable
	   0.000	   0.007
	   0.000	   0.030
	   0.000	  97.795
	   0.098	   0.274
	   0.000	   0.150
	   0.000	 175.000
	   0.200	   0.372
	   0.000	   0.450
	   0.001	  97.807
	   0.098	   0.491
	   0.001	   0.192
	   0.000	   0.600
	   0.001	 375.000
	   0.400	   1.001
	   0.001	   1.120
	   0.001	  97.813
	   0.098	   0.638
	   0.001	   0.312
	   0.000	   1.170
	   0.001	 575.000
	   0.600	   1.806
	   0.002	   1.970
	   0.002	  97.816
	   0.098	   0.755
	   0.001	   0.432
	   0.000	   1.840
	   0.002	 775.000
	   0.800	   2.753
	   0.003	   2.950
	   0.003	  97.819
	   0.098	   0.855
	   0.001	   0.552
	   0.001	   2.580
	   0.003	 975.000
	   1.000	   3.819
	   0.004	   4.060
	   0.004	  97.822
	   0.098	   0.942
	   0.001	   0.671
	   0.001	   3.370
	   0.003	1175.000
	   1.200	   4.989
	   0.005	   5.270
	   0.005	  97.824
	   0.098	   1.020
	   0.001	   0.790
	   0.001	   4.200
	   0.004	1375.000
	   1.400	   6.251
	   0.006	   6.570
	   0.007	  97.826
	   0.098	   1.091
	   0.001	   0.909
	   0.001	   5.050
	   0.005	1575.000
	   1.600	   7.596
	   0.008	   7.960
	   0.008	  97.827
	   0.098	   1.156
	   0.001	   1.027
	   0.001	   5.920
	   0.006	1775.000
	   1.800	   9.017
	   0.009	   9.430
	   0.010	  97.829
	   0.098	   1.216
	   0.001	   1.145
	   0.001	   6.800
	   0.007	1975.000
	   2.000	  10.508
	   0.011	  10.970
	   0.011	  97.830
	   0.098	   1.272
	   0.001	   1.263
	   0.001	   7.680
	   0.008	2175.000
	   2.200	  12.062
	   0.012	  12.570
	   0.013	  97.832
	   0.098	   1.324
	   0.001	   1.381
	   0.001	   8.550
	   0.009	2375.000
	   2.400	  13.676
	   0.014	  14.230
	   0.014	  97.833
	   0.098	   1.373
	   0.001	   1.498
	   0.002	   9.440
	   0.010	2575.000
	   2.600	  15.344
	   0.016	  15.950
	   0.016	  97.834
	   0.098	   1.418
	   0.001	   1.616
	   0.002	  10.320
	   0.010	2775.000
	   2.800	  17.065
	   0.017	  17.720
	   0.018	  97.835
	   0.098	   1.462
	   0.001	   1.733
	   0.002	  11.200
	   0.011	2975.000
	   3.000	  18.834
	   0.019	  19.530
	   0.020	  97.836
	   0.098	   1.503
	   0.002	   1.850
	   0.002	  12.100
	   0.012	3175.000
	   3.200	  20.650
	   0.021	  21.400
	   0.022	  97.837
	   0.098	   1.543
	   0.002	   1.966
	   0.002	  13.000
	   0.013	3375.000
	   3.400	  22.511
	   0.023	  23.320
	   0.024	  97.838
	   0.098	   1.580
	   0.002	   2.083
	   0.002	  13.910
	   0.014	3575.000
	   3.600	  24.416
	   0.025	  25.270
	   0.026	  97.838
	   0.098	   1.617
	   0.002	   2.199
	   0.002	  14.840
	   0.015	3775.000
	   3.800	  26.362
	   0.027	  27.270
	   0.028	  97.839
	   0.098	   1.651
	   0.002	   2.316
	   0.002	  15.780
	   0.016	3975.000
	   4.000	  28.350
	   0.029	  29.320
	   0.030	  97.840
	   0.098	   1.685
	   0.002	   2.432
	   0.002	  16.760
	   0.017	4175.000
	   4.200	  30.379
	   0.031	  31.400
	   0.032	  97.840
	   0.098	   1.718
	   0.002	   2.549
	   0.003	  17.770
	   0.018	4375.000
	   4.400	  32.448
	   0.033	  33.530
	   0.034	  97.841
	   0.098	   1.750
	   0.002	   2.665
	   0.003	  18.810
	   0.019	4575.000
	   4.600	  34.558
	   0.035	  35.700
	   0.036	  97.841
	   0.098	   1.781
	   0.002	   2.782
	   0.003	  19.900
	   0.020	4775.000
	   4.800	  36.708
	   0.037	  37.900
	   0.038	  97.842
	   0.098	   1.812
	   0.002	   2.899
	   0.003	  21.020
	   0.021	4975.000
	   5.000	  38.899
	   0.039	  40.160
	   0.040	  97.842
	   0.098	   1.842
	   0.002	   3.016
	   0.003	  22.190
	   0.022	5175.000
	   5.200	  41.131
	   0.041	  42.450
	   0.043	  97.843
	   0.098	   1.872
	   0.002	   3.134
	   0.003	  23.420
	   0.024	5375.000
	   5.400	  43.405
	   0.044	  44.780
	   0.045	  97.844
	   0.098	   1.902
	   0.002	   3.251
	   0.003	  24.710
	   0.025	5575.000
	   5.600	  45.720
	   0.046	  47.160
	   0.047	  97.844
	   0.098	   1.931
	   0.002	   3.369
	   0.003	  26.040
	   0.026	5775.000
	   5.800	  48.077
	   0.048	  49.580
	   0.050	  97.845
	   0.098	   1.960
	   0.002	   3.487
	   0.004	  27.430
	   0.028	5975.000
	   6.000	  50.477
	   0.051	  52.050
	   0.052	  97.845
	   0.098	   1.990
	   0.002	   3.606
	   0.004	  28.860
	   0.029	6175.000
	   6.200	  52.919
	   0.053	  54.560
	   0.055	  97.846
	   0.098	   2.018
	   0.002	   3.725
	   0.004	  30.340
	   0.031	6375.000
	   6.400	  55.403
	   0.056	  57.110
	   0.057	  97.847
	   0.098	   2.047
	   0.002	   3.844
	   0.004	  31.870
	   0.032	6575.000
	   6.600	  57.929
	   0.058	  59.700
	   0.060	  97.847
	   0.098	   2.076
	   0.002	   3.963
	   0.004	  33.440
	   0.034	6775.000
	   6.800	  60.497
	   0.061	  62.340
	   0.063	  97.848
	   0.098	   2.104
	   0.002	   4.083
	   0.004	  35.030
	   0.035	6975.000
	   7.000	  63.107
	   0.063	  65.020
	   0.065	  97.849
	   0.098	   2.133
	   0.002	   4.203
	   0.004	  36.670
	   0.037	7175.000
	   7.200	  65.757
	   0.066	  67.740
	   0.068	  97.850
	   0.098	   2.161
	   0.002	   4.323
	   0.004	  38.330
	   0.039	7375.000
	   7.400	  68.448
	   0.069	  70.510
	   0.071	  97.850
	   0.098	   2.189
	   0.002	   4.443
	   0.004	  40.010
	   0.040	7575.000
	   7.600	  71.179
	   0.072	  73.310
	   0.074	  97.851
	   0.098	   2.217
	   0.002	   4.563
	   0.005	  41.700
	   0.042	7775.000
	   7.800	  73.949
	   0.074	  76.160
	   0.077	  97.852
	   0.098	   2.245
	   0.002	   4.684
	   0.005	  43.420
	   0.044	7975.000
	   8.000	  76.757
	   0.077	  79.040
	   0.079	  97.852
	   0.098	   2.273
	   0.002	   4.805
	   0.005	  45.140
	   0.045	8175.000
	   8.200	  79.603
	   0.080	  81.960
	   0.082	  97.853
	   0.098	   2.300
	   0.002	   4.925
	   0.005	  46.860
	   0.047	8375.000
	   8.400	  82.485
	   0.083	  84.920
	   0.085	  97.854
	   0.098	   2.327
	   0.002	   5.046
	   0.005	  48.570
	   0.049	8575.000
	   8.600	  85.403
	   0.086	  87.910
	   0.088	  97.855
	   0.098	   2.354
	   0.002	   5.167
	   0.005	  50.270
	   0.050	8775.000
	   8.800	  88.186
	   0.088	  90.640
	   0.091	  97.855
	   0.098	   2.388
	   0.002	   5.259
	   0.005	  14.120
	   0.014	8975.000
	   9.000	  90.114
	   0.090	  92.620
	   0.093	  97.855
	   0.098	   2.430
	   0.002	   5.340
	   0.005	  14.820
	   0.015	9175.000
	   9.200	  92.073
	   0.092	  94.630
	   0.095	  97.855
	   0.098	   2.471
	   0.002	   5.422
	   0.005	  15.530
	   0.016	9375.000
	   9.400	  94.065
	   0.094	  96.670
	   0.097	  97.856
	   0.098	   2.511
	   0.003	   5.506
	   0.006	  16.270
	   0.016	9575.000
	   9.600	  96.088
	   0.096	  98.750
	   0.099	  97.856
	   0.098	   2.551
	   0.003	   5.593
	   0.006	  17.020
	   0.017	9775.000
	   9.800	  98.143
	   0.098	 100.860
	   0.101	  97.856
	   0.098	   2.591
	   0.003	   5.681
	   0.006	  17.790
	   0.018	9975.000
	  10.000	 100.229
	   0.100	 103.000
	   0.103	  97.857
	   0.098	   2.630
	   0.003	   5.771
	   0.006	  18.580
	   0.019	10175.000
	  10.200	 102.346
	   0.103	 105.180
	   0.105	  97.857
	   0.098	   2.669
	   0.003	   5.863
	   0.006	  19.390
	   0.019	10375.000
	  10.400	 104.494
	   0.105	 107.380
	   0.108	  97.857
	   0.098	   2.708
	   0.003	   5.956
	   0.006	  20.220
	   0.020	10575.000
	  10.600	 106.673
	   0.107	 109.620
	   0.110	  97.858
	   0.098	   2.746
	   0.003	   6.051
	   0.006	  21.070
	   0.021	10775.000
	  10.800	 108.882
	   0.109	 111.890
	   0.112	  97.858
	   0.098	   2.784
	   0.003	   6.148
	   0.006	  21.930
	   0.022	10975.000
	  11.000	 111.122
	   0.111	 114.190
	   0.114	  97.858
	   0.098	   2.821
	   0.003	   6.245
	   0.006	  22.820
	   0.023	11175.000
	  11.200	 113.392
	   0.114	 116.520
	   0.117	  97.859
	   0.098	   2.858
	   0.003	   6.345
	   0.006	  23.730
	   0.024	11375.000
	  11.400	 115.692
	   0.116	 118.880
	   0.119	  97.859
	   0.098	   2.895
	   0.003	   6.445
	   0.006	  24.650
	   0.025	11575.000
	  11.600	 118.022
	   0.118	 121.270
	   0.122	  97.860
	   0.098	   2.931
	   0.003	   6.547
	   0.007	   2.790
	EndTable

End

	
	Name	_BSWB3P/S
	ProTank 0x41a0011
	Frame      0    0

LevelVolTable
	   0.000	   0.047
	   0.000	   0.380
	   0.001	  83.183
	   0.083	   3.704
	   0.004	   0.067
	   0.000	  35.980
	   0.039	 175.000
	   0.200	   5.049
	   0.006	   6.040
	   0.007	  84.532
	   0.085	   3.894
	   0.004	   0.182
	   0.000	  59.910
	   0.063	 375.000
	   0.400	  12.616
	   0.014	  14.010
	   0.015	  85.103
	   0.085	   3.995
	   0.004	   0.297
	   0.000	  79.650
	   0.082	 575.000
	   0.600	  21.613
	   0.023	  23.390
	   0.025	  85.477
	   0.086	   4.071
	   0.004	   0.411
	   0.000	  96.440
	   0.098	 775.000
	   0.800	  31.677
	   0.033	  33.820
	   0.035	  85.753
	   0.086	   4.133
	   0.004	   0.525
	   0.001	 110.510
	   0.112	 975.000
	   1.000	  42.575
	   0.044	  45.090
	   0.047	  85.966
	   0.086	   4.187
	   0.004	   0.639
	   0.001	 122.510
	   0.124	1175.000
	   1.200	  54.147
	   0.056	  57.030
	   0.059	  86.136
	   0.086	   4.233
	   0.004	   0.752
	   0.001	 132.470
	   0.134	1375.000
	   1.400	  66.276
	   0.068	  69.520
	   0.071	  86.276
	   0.086	   4.275
	   0.004	   0.865
	   0.001	 140.780
	   0.142	1575.000
	   1.600	  78.873
	   0.080	  82.490
	   0.084	  86.396
	   0.086	   4.312
	   0.004	   0.977
	   0.001	 147.860
	   0.149	1775.000
	   1.800	  91.870
	   0.094	  95.860
	   0.098	  86.499
	   0.087	   4.345
	   0.004	   1.089
	   0.001	 153.980
	   0.155	1975.000
	   2.000	 105.212
	   0.107	 109.570
	   0.111	  86.589
	   0.087	   4.375
	   0.004	   1.200
	   0.001	 158.860
	   0.159	2175.000
	   2.200	 118.849
	   0.121	 123.570
	   0.125	  86.669
	   0.087	   4.404
	   0.004	   1.310
	   0.001	 141.990
	   0.139	2375.000
	   2.400	 131.959
	   0.133	 136.810
	   0.138	  86.717
	   0.087	   4.445
	   0.004	   1.407
	   0.001	 113.560
	   0.111	2575.000
	   2.600	 143.091
	   0.144	 147.910
	   0.149	  86.720
	   0.087	   4.494
	   0.004	   1.487
	   0.001	  85.610
	   0.082	2775.000
	   2.800	 151.402
	   0.152	 156.030
	   0.157	  86.677
	   0.087	   4.537
	   0.005	   1.545
	   0.002	  52.170
	   0.048	2975.000
	   3.000	 156.996
	   0.158	 161.510
	   0.162	  86.625
	   0.087	   4.570
	   0.005	   1.587
	   0.002	  31.440
	   0.030	3175.000
	   3.200	 160.914
	   0.161	 165.340
	   0.166	  86.598
	   0.087	   4.594
	   0.005	   1.618
	   0.002	  25.210
	   0.025	3375.000
	   3.400	 163.542
	   0.164	 167.890
	   0.168	  86.594
	   0.087	   4.608
	   0.005	   1.640
	   0.002	  19.980
	   0.019	3575.000
	   3.600	 165.238
	   0.165	 169.530
	   0.170	  86.604
	   0.087	   4.615
	   0.005	   1.655
	   0.002	   7.680
	   0.007	3775.000
	   3.800	 166.262
	   0.166	 170.520
	   0.171	  86.618
	   0.087	   4.618
	   0.005	   1.666
	   0.002	   3.780
	   0.004	3975.000
	   4.000	 166.934
	   0.167	 171.180
	   0.171	  86.628
	   0.087	   4.621
	   0.005	   1.673
	   0.002	   2.510
	   0.002	4175.000
	   4.200	 167.396
	   0.167	 171.630
	   0.172	  86.635
	   0.087	   4.622
	   0.005	   1.679
	   0.002	   0.910
	   0.001	4375.000
	   4.400	 167.745
	   0.168	 171.970
	   0.172	  86.640
	   0.087	   4.624
	   0.005	   1.683
	   0.002	   0.300
	EndTable

End

	
	Name	_BSWB4P
	ProTank 0x41a0012
	Frame      0    0

LevelVolTable
	   0.000	   0.728
	   0.002	   2.470
	   0.004	  72.400
	   0.072	   4.431
	   0.004	   0.057
	   0.000	 142.260
	   0.147	 175.000
	   0.200	  15.293
	   0.017	  17.660
	   0.020	  72.464
	   0.072	   4.600
	   0.005	   0.161
	   0.000	 179.840
	   0.184	 375.000
	   0.400	  31.277
	   0.033	  34.170
	   0.036	  72.479
	   0.072	   4.704
	   0.005	   0.266
	   0.000	 207.370
	   0.210	 575.000
	   0.600	  48.094
	   0.050	  51.500
	   0.054	  72.488
	   0.072	   4.782
	   0.005	   0.370
	   0.000	 228.750
	   0.231	 775.000
	   0.800	  65.499
	   0.068	  69.400
	   0.072	  72.495
	   0.072	   4.844
	   0.005	   0.475
	   0.000	 245.200
	   0.247	 975.000
	   1.000	  83.330
	   0.086	  87.720
	   0.090	  72.500
	   0.072	   4.894
	   0.005	   0.580
	   0.001	 257.630
	   0.259	1175.000
	   1.200	 101.467
	   0.104	 106.340
	   0.109	  72.504
	   0.073	   4.935
	   0.005	   0.684
	   0.001	 265.940
	   0.267	1375.000
	   1.400	 119.815
	   0.122	 125.170
	   0.128	  72.508
	   0.073	   4.969
	   0.005	   0.788
	   0.001	 271.600
	   0.272	1575.000
	   1.600	 138.302
	   0.141	 144.130
	   0.147	  72.511
	   0.073	   4.996
	   0.005	   0.891
	   0.001	 274.320
	   0.275	1775.000
	   1.800	 156.856
	   0.159	 163.160
	   0.166	  72.514
	   0.073	   5.019
	   0.005	   0.994
	   0.001	 275.660
	   0.276	1975.000
	   2.000	 175.445
	   0.178	 182.210
	   0.185	  72.517
	   0.073	   5.037
	   0.005	   1.097
	   0.001	 275.990
	   0.276	2175.000
	   2.200	 194.042
	   0.196	 201.250
	   0.204	  72.520
	   0.073	   5.053
	   0.005	   1.198
	   0.001	 240.090
	   0.234	2375.000
	   2.400	 211.778
	   0.214	 219.200
	   0.221	  72.526
	   0.073	   5.081
	   0.005	   1.290
	   0.001	 188.370
	   0.183	2575.000
	   2.600	 227.298
	   0.229	 234.760
	   0.236	  72.539
	   0.073	   5.119
	   0.005	   1.369
	   0.001	 138.770
	   0.133	2775.000
	   2.800	 239.764
	   0.241	 247.100
	   0.248	  72.559
	   0.073	   5.159
	   0.005	   1.432
	   0.001	  85.330
	   0.079	2975.000
	   3.000	 248.496
	   0.249	 255.540
	   0.256	  72.583
	   0.073	   5.189
	   0.005	   1.474
	   0.001	  44.420
	   0.042	3175.000
	   3.200	 253.880
	   0.254	 260.800
	   0.261	  72.602
	   0.073	   5.207
	   0.005	   1.504
	   0.002	  32.290
	   0.031	3375.000
	   3.400	 257.515
	   0.258	 264.300
	   0.265	  72.613
	   0.073	   5.217
	   0.005	   1.524
	   0.002	  25.760
	   0.025	3575.000
	   3.600	 259.719
	   0.260	 266.420
	   0.267	  72.616
	   0.073	   5.221
	   0.005	   1.537
	   0.002	  13.340
	   0.012	3775.000
	   3.800	 261.079
	   0.261	 267.740
	   0.268	  72.614
	   0.073	   5.223
	   0.005	   1.546
	   0.002	   7.210
	   0.007	3975.000
	   4.000	 262.000
	   0.262	 268.650
	   0.269	  72.611
	   0.073	   5.226
	   0.005	   1.554
	   0.002	   4.670
	   0.004	4175.000
	   4.200	 262.638
	   0.263	 269.270
	   0.269	  72.609
	   0.073	   5.227
	   0.005	   1.559
	   0.002	   1.690
	   0.001	4375.000
	   4.400	 263.038
	   0.263	 269.660
	   0.270	  72.608
	   0.073	   5.228
	   0.005	   1.562
	   0.002	   0.560
	   0.000	4575.000
	EndTable

End

	
	Name	_BSWB4S
	ProTank 0x41a0013
	Frame      0    0

LevelVolTable
	   0.000	   0.728
	   0.002	   2.470
	   0.004	  72.400
	   0.072	   4.431
	   0.004	   0.057
	   0.000	 142.260
	   0.147	 175.000
	   0.200	  15.293
	   0.017	  17.660
	   0.020	  72.464
	   0.072	   4.600
	   0.005	   0.161
	   0.000	 179.840
	   0.184	 375.000
	   0.400	  31.277
	   0.033	  34.170
	   0.036	  72.479
	   0.072	   4.704
	   0.005	   0.266
	   0.000	 207.370
	   0.210	 575.000
	   0.600	  48.094
	   0.050	  51.500
	   0.054	  72.488
	   0.072	   4.782
	   0.005	   0.370
	   0.000	 228.750
	   0.231	 775.000
	   0.800	  65.499
	   0.068	  69.400
	   0.072	  72.495
	   0.072	   4.844
	   0.005	   0.475
	   0.000	 245.200
	   0.247	 975.000
	   1.000	  83.330
	   0.086	  87.720
	   0.090	  72.500
	   0.072	   4.894
	   0.005	   0.580
	   0.001	 257.630
	   0.259	1175.000
	   1.200	 101.467
	   0.104	 106.340
	   0.109	  72.504
	   0.073	   4.935
	   0.005	   0.684
	   0.001	 265.940
	   0.267	1375.000
	   1.400	 119.815
	   0.122	 125.170
	   0.128	  72.508
	   0.073	   4.969
	   0.005	   0.788
	   0.001	 271.600
	   0.272	1575.000
	   1.600	 138.302
	   0.141	 144.130
	   0.147	  72.511
	   0.073	   4.996
	   0.005	   0.891
	   0.001	 274.320
	   0.275	1775.000
	   1.800	 156.856
	   0.159	 163.160
	   0.166	  72.514
	   0.073	   5.019
	   0.005	   0.994
	   0.001	 275.660
	   0.276	1975.000
	   2.000	 175.445
	   0.178	 182.210
	   0.185	  72.517
	   0.073	   5.037
	   0.005	   1.097
	   0.001	 275.990
	   0.276	2175.000
	   2.200	 194.042
	   0.196	 201.250
	   0.204	  72.520
	   0.073	   5.053
	   0.005	   1.198
	   0.001	 240.090
	   0.234	2375.000
	   2.400	 211.778
	   0.214	 219.200
	   0.221	  72.526
	   0.073	   5.081
	   0.005	   1.290
	   0.001	 188.370
	   0.183	2575.000
	   2.600	 227.298
	   0.229	 234.760
	   0.236	  72.539
	   0.073	   5.119
	   0.005	   1.369
	   0.001	 138.770
	   0.133	2775.000
	   2.800	 239.764
	   0.241	 247.100
	   0.248	  72.559
	   0.073	   5.159
	   0.005	   1.432
	   0.001	  85.330
	   0.079	2975.000
	   3.000	 248.496
	   0.249	 255.540
	   0.256	  72.583
	   0.073	   5.189
	   0.005	   1.474
	   0.001	  44.420
	   0.042	3175.000
	   3.200	 253.880
	   0.254	 260.800
	   0.261	  72.602
	   0.073	   5.207
	   0.005	   1.504
	   0.002	  32.290
	   0.031	3375.000
	   3.400	 257.515
	   0.258	 264.300
	   0.265	  72.613
	   0.073	   5.217
	   0.005	   1.524
	   0.002	  25.760
	   0.025	3575.000
	   3.600	 259.719
	   0.260	 266.420
	   0.267	  72.616
	   0.073	   5.221
	   0.005	   1.537
	   0.002	  13.340
	   0.012	3775.000
	   3.800	 261.079
	   0.261	 267.740
	   0.268	  72.614
	   0.073	   5.223
	   0.005	   1.546
	   0.002	   7.210
	   0.007	3975.000
	   4.000	 262.000
	   0.262	 268.650
	   0.269	  72.611
	   0.073	   5.226
	   0.005	   1.554
	   0.002	   4.670
	   0.004	4175.000
	   4.200	 262.638
	   0.263	 269.270
	   0.269	  72.609
	   0.073	   5.227
	   0.005	   1.559
	   0.002	   1.690
	   0.001	4375.000
	   4.400	 263.038
	   0.263	 269.660
	   0.270	  72.608
	   0.073	   5.228
	   0.005	   1.562
	   0.002	   0.560
	   0.000	4575.000
	EndTable

End

	
	Name	SWB5P/S
	ProTank 0x41a0014
	Frame      0    0

LevelVolTable
	   0.000	   0.269
	   0.001	   0.890
	   0.002	  61.700
	   0.062	   4.467
	   0.004	   0.057
	   0.000	  51.290
	   0.053	 175.000
	   0.200	   5.404
	   0.006	   6.240
	   0.007	  61.700
	   0.062	   4.629
	   0.005	   0.161
	   0.000	  64.220
	   0.066	 375.000
	   0.400	  11.018
	   0.012	  12.040
	   0.013	  61.700
	   0.062	   4.730
	   0.005	   0.265
	   0.000	  73.710
	   0.075	 575.000
	   0.600	  16.914
	   0.018	  18.110
	   0.019	  61.700
	   0.062	   4.806
	   0.005	   0.370
	   0.000	  81.050
	   0.082	 775.000
	   0.800	  23.009
	   0.024	  24.380
	   0.025	  61.700
	   0.062	   4.866
	   0.005	   0.474
	   0.000	  86.650
	   0.087	 975.000
	   1.000	  29.246
	   0.030	  30.780
	   0.032	  61.700
	   0.062	   4.915
	   0.005	   0.579
	   0.001	  90.920
	   0.091	1175.000
	EndTable

End

	
	Name	_BSWB6P/S
	ProTank 0x41a0015
	Frame      0    0

LevelVolTable
	   0.000	   0.772
	   0.002	   2.550
	   0.004	  50.850
	   0.051	   4.467
	   0.004	   0.057
	   0.000	 147.500
	   0.152	 175.000
	   0.200	  15.538
	   0.017	  17.930
	   0.020	  50.850
	   0.051	   4.629
	   0.005	   0.161
	   0.000	 184.710
	   0.189	 375.000
	   0.400	  31.679
	   0.034	  34.610
	   0.037	  50.850
	   0.051	   4.730
	   0.005	   0.265
	   0.000	 212.000
	   0.215	 575.000
	   0.600	  48.632
	   0.051	  52.070
	   0.054	  50.850
	   0.051	   4.806
	   0.005	   0.370
	   0.000	 233.100
	   0.235	 775.000
	   0.800	  66.155
	   0.068	  70.090
	   0.072	  50.850
	   0.051	   4.866
	   0.005	   0.474
	   0.000	 249.210
	   0.251	 975.000
	   1.000	  84.088
	   0.086	  88.510
	   0.091	  50.850
	   0.051	   4.915
	   0.005	   0.579
	   0.001	 261.410
	   0.263	1175.000
	   1.200	 102.313
	   0.105	 107.220
	   0.110	  50.850
	   0.051	   4.954
	   0.005	   0.683
	   0.001	 268.650
	   0.270	1375.000
	   1.400	 120.727
	   0.123	 126.120
	   0.128	  50.850
	   0.051	   4.986
	   0.005	   0.787
	   0.001	 274.000
	   0.274	1575.000
	   1.600	 139.271
	   0.142	 145.130
	   0.148	  50.850
	   0.051	   5.012
	   0.005	   0.890
	   0.001	 275.730
	   0.276	1775.000
	   1.800	 157.861
	   0.160	 164.190
	   0.167	  50.850
	   0.051	   5.033
	   0.005	   0.992
	   0.001	 276.790
	   0.277	1975.000
	   2.000	 176.478
	   0.179	 183.280
	   0.186	  50.850
	   0.051	   5.050
	   0.005	   1.095
	   0.001	 276.810
	   0.277	2175.000
	   2.200	 195.094
	   0.197	 202.340
	   0.205	  50.850
	   0.051	   5.065
	   0.005	   1.195
	   0.001	 242.700
	   0.236	2375.000
	   2.400	 212.921
	   0.215	 220.390
	   0.222	  50.845
	   0.051	   5.092
	   0.005	   1.288
	   0.001	 188.310
	   0.183	2575.000
	   2.600	 228.540
	   0.230	 236.050
	   0.238	  50.834
	   0.051	   5.129
	   0.005	   1.367
	   0.001	 137.970
	   0.132	2775.000
	   2.800	 241.103
	   0.242	 248.480
	   0.250	  50.815
	   0.051	   5.169
	   0.005	   1.430
	   0.001	  85.510
	   0.079	2975.000
	   3.000	 249.932
	   0.251	 257.030
	   0.258	  50.791
	   0.051	   5.199
	   0.005	   1.473
	   0.001	  44.280
	   0.042	3175.000
	   3.200	 255.515
	   0.256	 262.470
	   0.263	  50.772
	   0.051	   5.217
	   0.005	   1.503
	   0.002	  32.420
	   0.032	3375.000
	   3.400	 259.096
	   0.259	 265.920
	   0.266	  50.761
	   0.051	   5.227
	   0.005	   1.522
	   0.002	  25.820
	   0.025	3575.000
	   3.600	 261.258
	   0.261	 268.000
	   0.268	  50.758
	   0.051	   5.231
	   0.005	   1.535
	   0.002	  13.250
	   0.012	3775.000
	   3.800	 262.590
	   0.263	 269.290
	   0.269	  50.761
	   0.051	   5.233
	   0.005	   1.545
	   0.002	   7.180
	   0.007	3975.000
	   4.000	 263.496
	   0.264	 270.180
	   0.270	  50.763
	   0.051	   5.235
	   0.005	   1.552
	   0.002	   4.650
	   0.004	4175.000
	   4.200	 264.128
	   0.264	 270.790
	   0.271	  50.765
	   0.051	   5.237
	   0.005	   1.557
	   0.002	   1.690
	   0.001	4375.000
	   4.400	 264.528
	   0.265	 271.190
	   0.271	  50.766
	   0.051	   5.238
	   0.005	   1.560
	   0.002	   0.560
	   0.000	4575.000
	EndTable

End

	
	Name	_BSWB7P
	ProTank 0x41a0016
	Frame      0    0

LevelVolTable
	   0.000	   0.734
	   0.002	   2.450
	   0.004	  34.969
	   0.035	   4.404
	   0.004	   0.057
	   0.000	 137.870
	   0.143	 175.000
	   0.200	  15.112
	   0.017	  17.450
	   0.019	  34.918
	   0.035	   4.571
	   0.005	   0.161
	   0.000	 172.840
	   0.176	 375.000
	   0.400	  30.848
	   0.033	  33.700
	   0.036	  34.907
	   0.035	   4.670
	   0.005	   0.265
	   0.000	 197.770
	   0.200	 575.000
	   0.600	  47.367
	   0.049	  50.710
	   0.053	  34.901
	   0.035	   4.744
	   0.005	   0.370
	   0.000	 217.590
	   0.220	 775.000
	   0.800	  64.450
	   0.067	  68.280
	   0.071	  34.896
	   0.035	   4.803
	   0.005	   0.475
	   0.000	 233.390
	   0.235	 975.000
	   1.000	  81.960
	   0.084	  86.280
	   0.089	  34.890
	   0.035	   4.852
	   0.005	   0.579
	   0.001	 245.980
	   0.247	1175.000
	   1.200	  99.798
	   0.102	 104.600
	   0.107	  34.884
	   0.035	   4.893
	   0.005	   0.684
	   0.001	 256.040
	   0.257	1375.000
	   1.400	 117.893
	   0.120	 123.170
	   0.126	  34.877
	   0.035	   4.927
	   0.005	   0.788
	   0.001	 263.370
	   0.264	1575.000
	   1.600	 136.173
	   0.138	 141.930
	   0.144	  34.869
	   0.035	   4.956
	   0.005	   0.892
	   0.001	 268.300
	   0.269	1775.000
	   1.800	 154.577
	   0.157	 160.810
	   0.163	  34.861
	   0.035	   4.981
	   0.005	   0.996
	   0.001	 271.200
	   0.271	1975.000
	   2.000	 173.057
	   0.175	 179.760
	   0.182	  34.854
	   0.035	   5.002
	   0.005	   1.099
	   0.001	 272.950
	   0.273	2175.000
	   2.200	 191.580
	   0.194	 198.720
	   0.201	  34.847
	   0.035	   5.021
	   0.005	   1.200
	   0.001	 238.250
	   0.232	2375.000
	   2.400	 209.266
	   0.211	 216.620
	   0.219	  34.845
	   0.035	   5.051
	   0.005	   1.293
	   0.001	 187.330
	   0.182	2575.000
	   2.600	 224.752
	   0.226	 232.150
	   0.234	  34.851
	   0.035	   5.091
	   0.005	   1.373
	   0.001	 138.230
	   0.132	2775.000
	   2.800	 237.193
	   0.238	 244.460
	   0.246	  34.868
	   0.035	   5.132
	   0.005	   1.436
	   0.001	  85.030
	   0.078	2975.000
	   3.000	 245.906
	   0.247	 252.880
	   0.254	  34.889
	   0.035	   5.163
	   0.005	   1.479
	   0.001	  44.300
	   0.042	3175.000
	   3.200	 251.282
	   0.252	 258.140
	   0.259	  34.908
	   0.035	   5.182
	   0.005	   1.508
	   0.002	  32.250
	   0.031	3375.000
	   3.400	 254.914
	   0.255	 261.640
	   0.262	  34.918
	   0.035	   5.192
	   0.005	   1.529
	   0.002	  25.830
	   0.025	3575.000
	   3.600	 257.120
	   0.257	 263.760
	   0.264	  34.921
	   0.035	   5.196
	   0.005	   1.542
	   0.002	  13.380
	   0.012	3775.000
	   3.800	 258.482
	   0.259	 265.080
	   0.265	  34.918
	   0.035	   5.199
	   0.005	   1.551
	   0.002	   7.200
	   0.007	3975.000
	   4.000	 259.403
	   0.259	 265.980
	   0.266	  34.915
	   0.035	   5.201
	   0.005	   1.559
	   0.002	   4.660
	   0.004	4175.000
	   4.200	 260.040
	   0.260	 266.600
	   0.267	  34.913
	   0.035	   5.202
	   0.005	   1.564
	   0.002	   1.690
	   0.001	4375.000
	   4.400	 260.440
	   0.260	 267.000
	   0.267	  34.912
	   0.035	   5.204
	   0.005	   1.567
	   0.002	   0.560
	   0.000	4575.000
	EndTable

End

	
	Name	_BSWB7S
	ProTank 0x41a0017
	Frame      0    0

LevelVolTable
	   0.000	   0.734
	   0.002	   2.450
	   0.004	  34.969
	   0.035	   4.404
	   0.004	   0.057
	   0.000	 137.870
	   0.143	 175.000
	   0.200	  15.112
	   0.017	  17.450
	   0.019	  34.918
	   0.035	   4.571
	   0.005	   0.161
	   0.000	 172.840
	   0.176	 375.000
	   0.400	  30.848
	   0.033	  33.700
	   0.036	  34.907
	   0.035	   4.670
	   0.005	   0.265
	   0.000	 197.770
	   0.200	 575.000
	   0.600	  47.367
	   0.049	  50.710
	   0.053	  34.901
	   0.035	   4.744
	   0.005	   0.370
	   0.000	 217.590
	   0.220	 775.000
	   0.800	  64.450
	   0.067	  68.280
	   0.071	  34.896
	   0.035	   4.803
	   0.005	   0.475
	   0.000	 233.390
	   0.235	 975.000
	   1.000	  81.960
	   0.084	  86.280
	   0.089	  34.890
	   0.035	   4.852
	   0.005	   0.579
	   0.001	 245.980
	   0.247	1175.000
	   1.200	  99.798
	   0.102	 104.600
	   0.107	  34.884
	   0.035	   4.893
	   0.005	   0.684
	   0.001	 256.040
	   0.257	1375.000
	   1.400	 117.893
	   0.120	 123.170
	   0.126	  34.877
	   0.035	   4.927
	   0.005	   0.788
	   0.001	 263.370
	   0.264	1575.000
	   1.600	 136.173
	   0.138	 141.930
	   0.144	  34.869
	   0.035	   4.956
	   0.005	   0.892
	   0.001	 268.300
	   0.269	1775.000
	   1.800	 154.577
	   0.157	 160.810
	   0.163	  34.861
	   0.035	   4.981
	   0.005	   0.996
	   0.001	 271.200
	   0.271	1975.000
	   2.000	 173.057
	   0.175	 179.760
	   0.182	  34.854
	   0.035	   5.002
	   0.005	   1.099
	   0.001	 272.950
	   0.273	2175.000
	   2.200	 191.580
	   0.194	 198.720
	   0.201	  34.847
	   0.035	   5.021
	   0.005	   1.200
	   0.001	 238.250
	   0.232	2375.000
	   2.400	 209.266
	   0.211	 216.620
	   0.219	  34.845
	   0.035	   5.051
	   0.005	   1.293
	   0.001	 187.330
	   0.182	2575.000
	   2.600	 224.752
	   0.226	 232.150
	   0.234	  34.851
	   0.035	   5.091
	   0.005	   1.373
	   0.001	 138.230
	   0.132	2775.000
	   2.800	 237.193
	   0.238	 244.460
	   0.246	  34.868
	   0.035	   5.132
	   0.005	   1.436
	   0.001	  85.030
	   0.078	2975.000
	   3.000	 245.906
	   0.247	 252.880
	   0.254	  34.889
	   0.035	   5.163
	   0.005	   1.479
	   0.001	  44.300
	   0.042	3175.000
	   3.200	 251.282
	   0.252	 258.140
	   0.259	  34.908
	   0.035	   5.182
	   0.005	   1.508
	   0.002	  32.250
	   0.031	3375.000
	   3.400	 254.914
	   0.255	 261.640
	   0.262	  34.918
	   0.035	   5.192
	   0.005	   1.529
	   0.002	  25.830
	   0.025	3575.000
	   3.600	 257.120
	   0.257	 263.760
	   0.264	  34.921
	   0.035	   5.196
	   0.005	   1.542
	   0.002	  13.380
	   0.012	3775.000
	   3.800	 258.482
	   0.259	 265.080
	   0.265	  34.918
	   0.035	   5.199
	   0.005	   1.551
	   0.002	   7.200
	   0.007	3975.000
	   4.000	 259.403
	   0.259	 265.980
	   0.266	  34.915
	   0.035	   5.201
	   0.005	   1.559
	   0.002	   4.660
	   0.004	4175.000
	   4.200	 260.040
	   0.260	 266.600
	   0.267	  34.913
	   0.035	   5.202
	   0.005	   1.564
	   0.002	   1.690
	   0.001	4375.000
	   4.400	 260.440
	   0.260	 267.000
	   0.267	  34.912
	   0.035	   5.204
	   0.005	   1.567
	   0.002	   0.560
	   0.000	4575.000
	EndTable

End

	
	Name	SWB8P
	ProTank 0x41a0018
	Frame      0    0

LevelVolTable
	   0.000	   0.139
	   0.001	   0.520
	   0.001	  24.214
	   0.024	   3.729
	   0.004	   0.059
	   0.000	  19.530
	   0.021	 175.000
	   0.200	   3.661
	   0.004	   4.260
	   0.005	  24.133
	   0.024	   3.946
	   0.004	   0.166
	   0.000	  27.960
	   0.029	 375.000
	   0.400	   7.795
	   0.008	   8.550
	   0.009	  24.103
	   0.024	   4.072
	   0.004	   0.273
	   0.000	  34.940
	   0.036	 575.000
	   0.600	  12.293
	   0.013	  13.200
	   0.014	  24.085
	   0.024	   4.170
	   0.004	   0.381
	   0.000	  41.260
	   0.042	 775.000
	   0.800	  17.078
	   0.018	  18.140
	   0.019	  24.071
	   0.024	   4.252
	   0.004	   0.489
	   0.001	  47.430
	   0.048	 975.000
	   1.000	  22.108
	   0.023	  23.320
	   0.024	  24.059
	   0.024	   4.324
	   0.004	   0.598
	   0.001	  53.090
	   0.054	1175.000
	   1.200	  27.346
	   0.028	  28.710
	   0.029	  24.049
	   0.024	   4.388
	   0.004	   0.703
	   0.001	   3.640
	   0.004	1375.000
	   1.400	  30.881
	   0.031	  31.920
	   0.032	  24.053
	   0.024	   4.511
	   0.005	   0.750
	   0.001	   3.920
	   0.004	1575.000
	   1.600	  33.018
	   0.033	  34.120
	   0.034	  24.058
	   0.024	   4.633
	   0.005	   0.805
	   0.001	   4.100
	   0.004	1775.000
	   1.800	  35.207
	   0.035	  36.370
	   0.037	  24.060
	   0.024	   4.749
	   0.005	   0.866
	   0.001	   4.200
	   0.004	1975.000
	   2.000	  37.428
	   0.038	  38.650
	   0.039	  24.062
	   0.024	   4.857
	   0.005	   0.932
	   0.001	   4.200
	   0.004	2175.000
	   2.200	  39.662
	   0.040	  40.940
	   0.041	  24.062
	   0.024	   4.959
	   0.005	   1.002
	   0.001	   4.140
	   0.004	2375.000
	   2.400	  41.895
	   0.042	  43.230
	   0.044	  24.061
	   0.024	   5.053
	   0.005	   1.075
	   0.001	   3.990
	   0.004	2575.000
	   2.600	  44.109
	   0.044	  45.490
	   0.046	  24.060
	   0.024	   5.141
	   0.005	   1.150
	   0.001	   3.810
	   0.004	2775.000
	   2.800	  46.296
	   0.047	  47.730
	   0.048	  24.058
	   0.024	   5.223
	   0.005	   1.226
	   0.001	   3.560
	   0.004	2975.000
	   3.000	  48.440
	   0.049	  49.920
	   0.050	  24.055
	   0.024	   5.298
	   0.005	   1.303
	   0.001	   3.300
	   0.003	3175.000
	   3.200	  50.535
	   0.051	  52.060
	   0.052	  24.053
	   0.024	   5.368
	   0.005	   1.379
	   0.001	   3.010
	   0.003	3375.000
	   3.400	  52.571
	   0.053	  54.140
	   0.054	  24.050
	   0.024	   5.433
	   0.005	   1.455
	   0.001	   2.710
	   0.003	3575.000
	   3.600	  54.539
	   0.055	  56.150
	   0.056	  24.047
	   0.024	   5.493
	   0.005	   1.530
	   0.002	   2.420
	   0.002	3775.000
	   3.800	  56.438
	   0.057	  58.090
	   0.058	  24.045
	   0.024	   5.548
	   0.006	   1.604
	   0.002	   2.140
	   0.002	3975.000
	   4.000	  58.261
	   0.058	  59.950
	   0.060	  24.042
	   0.024	   5.600
	   0.006	   1.677
	   0.002	   1.860
	   0.002	4175.000
	   4.200	  60.005
	   0.060	  61.720
	   0.062	  24.040
	   0.024	   5.647
	   0.006	   1.748
	   0.002	   1.610
	   0.002	4375.000
	   4.400	  61.668
	   0.062	  63.420
	   0.064	  24.037
	   0.024	   5.691
	   0.006	   1.817
	   0.002	   1.380
	   0.001	4575.000
	   4.600	  63.246
	   0.063	  65.020
	   0.065	  24.035
	   0.024	   5.732
	   0.002	   1.160
	   0.001	4775.000
	   4.800	  64.740
	   0.065	  66.550
	   0.067	  24.033
	   0.024	   5.769
	   0.002	   1.110
	   0.001	4975.000
	   5.000	  66.199
	   0.066	  68.040
	   0.068	  24.031
	   0.024	   5.805
	   0.002	   1.120
	   0.001	5175.000
	   5.200	  67.663
	   0.068	  69.540
	   0.070	  24.029
	   0.024	   5.840
	   0.006	   2.085
	   0.002	   1.130
	   0.001	5375.000
	   5.400	  69.130
	   0.069	  71.050
	   0.071	  24.028
	   0.024	   5.873
	   0.006	   2.155
	   0.002	   1.140
	   0.001	5575.000
	   5.600	  70.602
	   0.071	  72.560
	   0.073	  24.026
	   0.024	   5.905
	   0.006	   2.226
	   0.002	   1.140
	   0.001	5775.000
	   5.800	  72.077
	   0.072	  74.070
	   0.074	  24.024
	   0.024	   5.936
	   0.006	   2.299
	   0.002	   1.150
	   0.001	5975.000
	   6.000	  73.556
	   0.074	  75.580
	   0.076	  24.022
	   0.024	   5.966
	   0.006	   2.373
	   0.002	   1.160
	   0.001	6175.000
	   6.200	  75.038
	   0.075	  77.100
	   0.077	  24.020
	   0.024	   5.995
	   0.006	   2.448
	   0.002	   1.160
	   0.001	6375.000
	   6.400	  76.523
	   0.077	  78.630
	   0.079	  24.019
	   0.024	   6.022
	   0.006	   2.524
	   0.003	   1.170
	   0.001	6575.000
	   6.600	  78.011
	   0.078	  80.150
	   0.080	  24.017
	   0.024	   6.049
	   0.006	   2.602
	   0.003	   1.180
	   0.001	6775.000
	   6.800	  79.502
	   0.080	  81.680
	   0.082	  24.015
	   0.024	   6.075
	   0.006	   2.680
	   0.003	   1.180
	   0.001	6975.000
	   7.000	  80.996
	   0.081	  83.210
	   0.083	  24.014
	   0.024	   6.100
	   0.006	   2.759
	   0.003	   1.190
	   0.001	7175.000
	   7.200	  82.492
	   0.083	  84.750
	   0.085	  24.012
	   0.024	   6.124
	   0.006	   2.839
	   0.003	   1.200
	   0.001	7375.000
	   7.400	  83.990
	   0.084	  86.280
	   0.086	  24.010
	   0.024	   6.147
	   0.006	   2.920
	   0.003	   1.200
	   0.001	7575.000
	   7.600	  85.492
	   0.086	  87.820
	   0.088	  24.009
	   0.024	   6.169
	   0.006	   3.002
	   0.003	   1.210
	   0.001	7775.000
	   7.800	  86.995
	   0.087	  89.360
	   0.090	  24.007
	   0.024	   6.191
	   0.006	   3.085
	   0.003	   1.210
	   0.001	7975.000
	   8.000	  88.501
	   0.089	  90.910
	   0.091	  24.006
	   0.024	   6.212
	   0.006	   3.168
	   0.003	   1.220
	   0.001	8175.000
	   8.200	  90.009
	   0.090	  92.450
	   0.093	  24.004
	   0.024	   6.233
	   0.006	   3.252
	   0.003	   1.220
	   0.001	8375.000
	   8.400	  91.519
	   0.092	  94.000
	   0.094	  24.003
	   0.024	   6.252
	   0.006	   3.336
	   0.003	   1.230
	   0.001	8575.000
	   8.600	  93.032
	   0.093	  95.550
	   0.096	  24.001
	   0.024	   6.272
	EndTable

End

	
	Name	SWB8S
	ProTank 0x41a0019
	Frame      0    0

LevelVolTable
	   0.000	   0.139
	   0.001	   0.520
	   0.001	  24.214
	   0.024	   3.729
	   0.004	   0.059
	   0.000	  19.530
	   0.021	 175.000
	   0.200	   3.661
	   0.004	   4.260
	   0.005	  24.133
	   0.024	   3.946
	   0.004	   0.166
	   0.000	  27.960
	   0.029	 375.000
	   0.400	   7.795
	   0.008	   8.550
	   0.009	  24.103
	   0.024	   4.072
	   0.004	   0.273
	   0.000	  34.940
	   0.036	 575.000
	   0.600	  12.293
	   0.013	  13.200
	   0.014	  24.085
	   0.024	   4.170
	   0.004	   0.381
	   0.000	  41.260
	   0.042	 775.000
	   0.800	  17.078
	   0.018	  18.140
	   0.019	  24.071
	   0.024	   4.252
	   0.004	   0.489
	   0.001	  47.430
	   0.048	 975.000
	   1.000	  22.108
	   0.023	  23.320
	   0.024	  24.059
	   0.024	   4.324
	   0.004	   0.598
	   0.001	  53.090
	   0.054	1175.000
	   1.200	  27.346
	   0.028	  28.710
	   0.029	  24.049
	   0.024	   4.388
	   0.004	   0.703
	   0.001	   3.640
	   0.004	1375.000
	   1.400	  30.881
	   0.031	  31.920
	   0.032	  24.053
	   0.024	   4.511
	   0.005	   0.750
	   0.001	   3.920
	   0.004	1575.000
	   1.600	  33.018
	   0.033	  34.120
	   0.034	  24.058
	   0.024	   4.633
	   0.005	   0.805
	   0.001	   4.100
	   0.004	1775.000
	   1.800	  35.207
	   0.035	  36.370
	   0.037	  24.060
	   0.024	   4.749
	   0.005	   0.866
	   0.001	   4.200
	   0.004	1975.000
	   2.000	  37.428
	   0.038	  38.650
	   0.039	  24.062
	   0.024	   4.857
	   0.005	   0.932
	   0.001	   4.200
	   0.004	2175.000
	   2.200	  39.662
	   0.040	  40.940
	   0.041	  24.062
	   0.024	   4.959
	   0.005	   1.002
	   0.001	   4.140
	   0.004	2375.000
	   2.400	  41.895
	   0.042	  43.230
	   0.044	  24.061
	   0.024	   5.053
	   0.005	   1.075
	   0.001	   3.990
	   0.004	2575.000
	   2.600	  44.109
	   0.044	  45.490
	   0.046	  24.060
	   0.024	   5.141
	   0.005	   1.150
	   0.001	   3.810
	   0.004	2775.000
	   2.800	  46.296
	   0.047	  47.730
	   0.048	  24.058
	   0.024	   5.223
	   0.005	   1.226
	   0.001	   3.560
	   0.004	2975.000
	   3.000	  48.440
	   0.049	  49.920
	   0.050	  24.055
	   0.024	   5.298
	   0.005	   1.303
	   0.001	   3.300
	   0.003	3175.000
	   3.200	  50.535
	   0.051	  52.060
	   0.052	  24.053
	   0.024	   5.368
	   0.005	   1.379
	   0.001	   3.010
	   0.003	3375.000
	   3.400	  52.571
	   0.053	  54.140
	   0.054	  24.050
	   0.024	   5.433
	   0.005	   1.455
	   0.001	   2.710
	   0.003	3575.000
	   3.600	  54.539
	   0.055	  56.150
	   0.056	  24.047
	   0.024	   5.493
	   0.005	   1.530
	   0.002	   2.420
	   0.002	3775.000
	   3.800	  56.438
	   0.057	  58.090
	   0.058	  24.045
	   0.024	   5.548
	   0.006	   1.604
	   0.002	   2.140
	   0.002	3975.000
	   4.000	  58.261
	   0.058	  59.950
	   0.060	  24.042
	   0.024	   5.600
	   0.006	   1.677
	   0.002	   1.860
	   0.002	4175.000
	   4.200	  60.005
	   0.060	  61.720
	   0.062	  24.040
	   0.024	   5.647
	   0.006	   1.748
	   0.002	   1.610
	   0.002	4375.000
	   4.400	  61.668
	   0.062	  63.420
	   0.064	  24.037
	   0.024	   5.691
	   0.006	   1.817
	   0.002	   1.380
	   0.001	4575.000
	   4.600	  63.246
	   0.063	  65.020
	   0.065	  24.035
	   0.024	   5.732
	   0.002	   1.160
	   0.001	4775.000
	   4.800	  64.740
	   0.065	  66.550
	   0.067	  24.033
	   0.024	   5.769
	   0.002	   1.110
	   0.001	4975.000
	   5.000	  66.199
	   0.066	  68.040
	   0.068	  24.031
	   0.024	   5.805
	   0.002	   1.120
	   0.001	5175.000
	   5.200	  67.663
	   0.068	  69.540
	   0.070	  24.029
	   0.024	   5.840
	   0.006	   2.085
	   0.002	   1.130
	   0.001	5375.000
	   5.400	  69.131
	   0.069	  71.050
	   0.071	  24.028
	   0.024	   5.873
	   0.006	   2.155
	   0.002	   1.140
	   0.001	5575.000
	   5.600	  70.602
	   0.071	  72.560
	   0.073	  24.026
	   0.024	   5.905
	   0.006	   2.226
	   0.002	   1.140
	   0.001	5775.000
	   5.800	  72.077
	   0.072	  74.070
	   0.074	  24.024
	   0.024	   5.936
	   0.006	   2.299
	   0.002	   1.150
	   0.001	5975.000
	   6.000	  73.556
	   0.074	  75.580
	   0.076	  24.022
	   0.024	   5.966
	   0.006	   2.373
	   0.002	   1.160
	   0.001	6175.000
	   6.200	  75.038
	   0.075	  77.100
	   0.077	  24.020
	   0.024	   5.995
	   0.006	   2.448
	   0.002	   1.160
	   0.001	6375.000
	   6.400	  76.523
	   0.077	  78.630
	   0.079	  24.019
	   0.024	   6.022
	   0.006	   2.524
	   0.003	   1.170
	   0.001	6575.000
	   6.600	  78.011
	   0.078	  80.150
	   0.080	  24.017
	   0.024	   6.049
	   0.006	   2.602
	   0.003	   1.180
	   0.001	6775.000
	   6.800	  79.502
	   0.080	  81.680
	   0.082	  24.015
	   0.024	   6.075
	   0.006	   2.680
	   0.003	   1.180
	   0.001	6975.000
	   7.000	  80.996
	   0.081	  83.210
	   0.083	  24.014
	   0.024	   6.100
	   0.006	   2.759
	   0.003	   1.190
	   0.001	7175.000
	   7.200	  82.492
	   0.083	  84.750
	   0.085	  24.012
	   0.024	   6.124
	   0.006	   2.839
	   0.003	   1.200
	   0.001	7375.000
	   7.400	  83.990
	   0.084	  86.280
	   0.086	  24.010
	   0.024	   6.147
	   0.006	   2.920
	   0.003	   1.200
	   0.001	7575.000
	   7.600	  85.492
	   0.086	  87.820
	   0.088	  24.009
	   0.024	   6.169
	   0.006	   3.002
	   0.003	   1.210
	   0.001	7775.000
	   7.800	  86.995
	   0.087	  89.360
	   0.090	  24.007
	   0.024	   6.191
	   0.006	   3.085
	   0.003	   1.210
	   0.001	7975.000
	   8.000	  88.501
	   0.089	  90.910
	   0.091	  24.006
	   0.024	   6.212
	   0.006	   3.168
	   0.003	   1.220
	   0.001	8175.000
	   8.200	  90.009
	   0.090	  92.450
	   0.093	  24.004
	   0.024	   6.233
	   0.006	   3.252
	   0.003	   1.220
	   0.001	8375.000
	   8.400	  91.519
	   0.092	  94.000
	   0.094	  24.003
	   0.024	   6.252
	   0.006	   3.336
	   0.003	   1.230
	   0.001	8575.000
	   8.600	  93.032
	   0.093	  95.550
	   0.096	  24.001
	   0.024	   6.272
	EndTable

End

	
	Name	ASWBP
	ProTank 0x41a001a
	Frame      0    0

LevelVolTable
	   0.000	   0.003
	   0.000	   0.010
	   0.000	   2.695
	   0.003	   0.312
	   0.000	   4.815
	   0.005	   0.070
	   0.000	 175.000
	   0.200	   0.158
	   0.000	   0.200
	   0.000	   2.467
	   0.002	   0.491
	   0.001	   4.955
	   0.005	   0.590
	   0.001	 375.000
	   0.400	   0.615
	   0.001	   0.720
	   0.001	   2.231
	   0.002	   0.695
	   0.001	   5.101
	   0.005	   2.140
	   0.002	 575.000
	   0.600	   1.532
	   0.002	   1.730
	   0.002	   1.956
	   0.002	   0.891
	   0.001	   5.252
	   0.005	   5.820
	   0.006	 775.000
	   0.800	   3.169
	   0.003	   3.520
	   0.004	   1.612
	   0.002	   1.078
	   0.001	   5.403
	   0.005	  11.290
	   0.012	 975.000
	   1.000	   5.607
	   0.006	   6.110
	   0.006	   1.345
	   0.001	   1.272
	   0.001	   5.546
	   0.006	  18.240
	   0.019	1175.000
	   1.200	   8.706
	   0.009	   9.360
	   0.010	   1.172
	   0.001	   1.457
	   0.001	   5.681
	   0.006	  26.110
	   0.027	1375.000
	   1.400	  12.319
	   0.013	  13.120
	   0.014	   1.059
	   0.001	   1.622
	   0.002	   5.811
	   0.006	  34.150
	   0.035	1575.000
	   1.600	  16.332
	   0.017	  17.280
	   0.018	   0.983
	   0.001	   1.766
	   0.002	   5.936
	   0.006	  42.060
	   0.043	1775.000
	   1.800	  20.670
	   0.021	  21.760
	   0.022	   0.928
	   0.001	   1.892
	   0.002	   6.058
	   0.006	  49.660
	   0.051	1975.000
	   2.000	  25.280
	   0.026	  26.520
	   0.027	   0.887
	   0.001	   2.004
	   0.002	   6.179
	   0.006	  56.870
	   0.058	2175.000
	   2.200	  30.120
	   0.031	  31.510
	   0.032	   0.856
	   0.001	   2.114
	   0.002	   6.283
	   0.006	  13.220
	   0.013	2375.000
	   2.400	  33.463
	   0.034	  34.690
	   0.035	   0.844
	   0.001	   2.266
	   0.002	   6.359
	   0.006	  15.410
	   0.016	2575.000
	   2.600	  36.577
	   0.037	  37.900
	   0.038	   0.833
	   0.001	   2.408
	   0.002	   6.443
	   0.006	  17.560
	   0.018	2775.000
	   2.800	  39.839
	   0.040	  41.260
	   0.042	   0.822
	   0.001	   2.538
	   0.003	   6.533
	   0.007	  19.730
	   0.020	2975.000
	   3.000	  43.238
	   0.044	  44.760
	   0.045	   0.812
	   0.001	   2.658
	   0.003	   6.627
	   0.007	  21.820
	   0.022	3175.000
	   3.200	  46.761
	   0.047	  48.390
	   0.049	   0.802
	   0.001	   2.769
	   0.003	   6.726
	   0.007	  23.890
	   0.024	3375.000
	   3.400	  50.397
	   0.051	  52.130
	   0.053	   0.793
	   0.001	   2.871
	   0.003	   6.827
	   0.007	  25.890
	   0.026	3575.000
	   3.600	  54.136
	   0.055	  55.980
	   0.056	   0.785
	   0.001	   2.965
	   0.003	   6.931
	   0.007	  27.840
	   0.028	3775.000
	   3.800	  57.971
	   0.058	  59.920
	   0.060	   0.777
	   0.001	   3.053
	   0.003	   7.037
	   0.007	  29.760
	   0.030	3975.000
	   4.000	  61.850
	   0.062	  63.720
	   0.064	   0.767
	   0.001	   3.131
	   0.003	   7.122
	   0.007	  14.330
	   0.014	4175.000
	   4.200	  64.282
	   0.065	  66.200
	   0.067	   0.749
	   0.001	   3.204
	   0.003	   7.191
	   0.007	  15.180
	   0.015	4375.000
	   4.400	  66.777
	   0.067	  68.770
	   0.069	   0.733
	   0.001	   3.275
	   0.003	   7.264
	   0.007	  16.010
	   0.016	4575.000
	   4.600	  69.343
	   0.070	  71.410
	   0.072	   0.717
	   0.001	   3.344
	   0.003	   7.341
	   0.007	  16.780
	   0.017	4775.000
	   4.800	  71.974
	   0.072	  74.110
	   0.074	   0.703
	   0.001	   3.410
	   0.003	   7.422
	   0.007	  17.520
	   0.018	4975.000
	   5.000	  74.663
	   0.075	  76.880
	   0.077	   0.689
	   0.001	   3.475
	   0.003	   7.506
	   0.008	  18.200
	   0.018	5175.000
	   5.200	  77.405
	   0.078	  79.700
	   0.080	   0.676
	   0.001	   3.537
	   0.004	   7.592
	   0.008	  18.870
	   0.019	5375.000
	   5.400	  80.197
	   0.081	  82.560
	   0.083	   0.663
	   0.001	   3.598
	   0.004	   7.681
	   0.008	  19.520
	   0.020	5575.000
	   5.600	  83.036
	   0.083	  85.480
	   0.086	   0.652
	   0.001	   3.655
	   0.004	   7.772
	   0.008	  20.140
	   0.020	5775.000
	   5.800	  85.920
	   0.086	  88.440
	   0.089	   0.641
	   0.001	   3.711
	   0.004	   7.864
	   0.008	  20.740
	   0.021	5975.000
	   6.000	  88.844
	   0.089	  91.440
	   0.092	   0.631
	   0.001	   3.765
	   0.004	   7.959
	   0.008	  21.320
	   0.021	6175.000
	   6.200	  91.808
	   0.092	  94.490
	   0.095	   0.621
	   0.001	   3.816
	   0.004	   8.055
	   0.008	  21.850
	   0.022	6375.000
	   6.400	  94.806
	   0.095	  97.560
	   0.098	   0.612
	   0.001	   3.866
	   0.004	   8.152
	   0.008	  22.400
	   0.022	6575.000
	   6.600	  97.840
	   0.098	 100.680
	   0.101	   0.603
	   0.001	   3.913
	   0.004	   8.251
	   0.008	  22.910
	   0.023	6775.000
	   6.800	 100.907
	   0.101	 103.820
	   0.104	   0.595
	   0.001	   3.959
	   0.004	   8.350
	   0.008	  23.420
	   0.022	6975.000
	EndTable

End

	
	Name	ASWBS
	ProTank 0x41a001b
	Frame      0    0

LevelVolTable
	   0.000	   0.003
	   0.000	   0.010
	   0.000	   2.695
	   0.003	   0.312
	   0.000	   4.815
	   0.005	   0.070
	   0.000	 175.000
	   0.200	   0.158
	   0.000	   0.200
	   0.000	   2.467
	   0.002	   0.491
	   0.001	   4.955
	   0.005	   0.590
	   0.001	 375.000
	   0.400	   0.615
	   0.001	   0.720
	   0.001	   2.231
	   0.002	   0.695
	   0.001	   5.101
	   0.005	   2.140
	   0.002	 575.000
	   0.600	   1.532
	   0.002	   1.730
	   0.002	   1.956
	   0.002	   0.891
	   0.001	   5.252
	   0.005	   5.820
	   0.006	 775.000
	   0.800	   3.169
	   0.003	   3.520
	   0.004	   1.612
	   0.002	   1.078
	   0.001	   5.403
	   0.005	  11.290
	   0.012	 975.000
	   1.000	   5.607
	   0.006	   6.110
	   0.006	   1.345
	   0.001	   1.272
	   0.001	   5.546
	   0.006	  18.240
	   0.019	1175.000
	   1.200	   8.706
	   0.009	   9.360
	   0.010	   1.172
	   0.001	   1.457
	   0.001	   5.681
	   0.006	  26.110
	   0.027	1375.000
	   1.400	  12.319
	   0.013	  13.120
	   0.014	   1.059
	   0.001	   1.622
	   0.002	   5.811
	   0.006	  34.150
	   0.035	1575.000
	   1.600	  16.332
	   0.017	  17.280
	   0.018	   0.983
	   0.001	   1.766
	   0.002	   5.936
	   0.006	  42.060
	   0.043	1775.000
	   1.800	  20.670
	   0.021	  21.760
	   0.022	   0.928
	   0.001	   1.892
	   0.002	   6.058
	   0.006	  49.660
	   0.051	1975.000
	   2.000	  25.280
	   0.026	  26.520
	   0.027	   0.887
	   0.001	   2.004
	   0.002	   6.179
	   0.006	  56.870
	   0.058	2175.000
	   2.200	  30.120
	   0.031	  31.510
	   0.032	   0.856
	   0.001	   2.114
	   0.002	   6.283
	   0.006	  13.220
	   0.013	2375.000
	   2.400	  33.463
	   0.034	  34.690
	   0.035	   0.844
	   0.001	   2.266
	   0.002	   6.359
	   0.006	  15.410
	   0.016	2575.000
	   2.600	  36.577
	   0.037	  37.900
	   0.038	   0.833
	   0.001	   2.408
	   0.002	   6.443
	   0.006	  17.560
	   0.018	2775.000
	   2.800	  39.839
	   0.040	  41.260
	   0.042	   0.822
	   0.001	   2.538
	   0.003	   6.533
	   0.007	  19.730
	   0.020	2975.000
	   3.000	  43.238
	   0.044	  44.760
	   0.045	   0.812
	   0.001	   2.658
	   0.003	   6.627
	   0.007	  21.820
	   0.022	3175.000
	   3.200	  46.761
	   0.047	  48.390
	   0.049	   0.802
	   0.001	   2.769
	   0.003	   6.726
	   0.007	  23.890
	   0.024	3375.000
	   3.400	  50.397
	   0.051	  52.130
	   0.053	   0.793
	   0.001	   2.871
	   0.003	   6.827
	   0.007	  25.890
	   0.026	3575.000
	   3.600	  54.136
	   0.055	  55.980
	   0.056	   0.785
	   0.001	   2.965
	   0.003	   6.931
	   0.007	  27.840
	   0.028	3775.000
	   3.800	  57.972
	   0.058	  59.920
	   0.060	   0.777
	   0.001	   3.053
	   0.003	   7.037
	   0.007	  29.760
	   0.030	3975.000
	   4.000	  61.850
	   0.062	  63.720
	   0.064	   0.767
	   0.001	   3.131
	   0.003	   7.122
	   0.007	  14.330
	   0.014	4175.000
	   4.200	  64.282
	   0.065	  66.200
	   0.067	   0.749
	   0.001	   3.204
	   0.003	   7.191
	   0.007	  15.180
	   0.015	4375.000
	   4.400	  66.777
	   0.067	  68.770
	   0.069	   0.733
	   0.001	   3.275
	   0.003	   7.264
	   0.007	  16.010
	   0.016	4575.000
	   4.600	  69.343
	   0.070	  71.410
	   0.072	   0.717
	   0.001	   3.344
	   0.003	   7.341
	   0.007	  16.780
	   0.017	4775.000
	   4.800	  71.974
	   0.072	  74.110
	   0.074	   0.703
	   0.001	   3.410
	   0.003	   7.422
	   0.007	  17.520
	   0.018	4975.000
	   5.000	  74.663
	   0.075	  76.880
	   0.077	   0.689
	   0.001	   3.475
	   0.003	   7.505
	   0.008	  18.200
	   0.018	5175.000
	   5.200	  77.355
	   0.078	  79.630
	   0.080	   0.676
	   0.001	   3.536
	   0.004	   7.589
	   0.008	  18.850
	   0.019	5375.000
	   5.400	  80.068
	   0.080	  82.420
	   0.083	   0.664
	   0.001	   3.594
	   0.004	   7.675
	   0.008	  19.480
	   0.020	5575.000
	   5.600	  82.826
	   0.083	  85.250
	   0.086	   0.653
	   0.001	   3.651
	   0.004	   7.764
	   0.008	  20.090
	   0.020	5775.000
	   5.800	  85.627
	   0.086	  88.130
	   0.088	   0.642
	   0.001	   3.705
	   0.004	   7.854
	   0.008	  20.670
	   0.021	5975.000
	   6.000	  88.466
	   0.089	  91.040
	   0.091	   0.632
	   0.001	   3.757
	   0.004	   7.945
	   0.008	  21.240
	   0.021	6175.000
	   6.200	  91.343
	   0.092	  94.000
	   0.094	   0.623
	   0.001	   3.808
	   0.004	   8.038
	   0.008	  21.760
	   0.022	6375.000
	   6.400	  94.272
	   0.095	  97.010
	   0.097	   0.614
	   0.001	   3.857
	   0.004	   8.135
	   0.008	  22.300
	   0.022	6575.000
	   6.600	  97.300
	   0.098	 100.120
	   0.101	   0.605
	   0.001	   3.905
	   0.004	   8.233
	   0.008	  22.820
	   0.023	6775.000
	   6.800	 100.360
	   0.101	 103.260
	   0.104	   0.597
	   0.001	   3.951
	   0.004	   8.332
	   0.008	  23.330
	   0.023	6975.000
	   7.000	 103.409
	EndTable

End

