
	Name	01WBC
	ProTank 0x41a0001
	Frame  1818588773544497952

UllageVolTable
	   0.000	   0.070
	   0.100	   0.380
	   0.200	   0.960
	   0.400	   2.720
	   0.600	   5.080
	   0.800	   8.010
	   1.000	  11.490
	   1.200	  15.470
	   1.400	  19.920
	   1.600	  24.800
	   1.800	  30.100
	   2.000	  35.790
	   2.300	  45.030
	   2.600	  55.010
	   2.900	  65.720
	   3.200	  77.100
	   3.500	  89.070
	   3.800	 101.560
	   4.200	 118.910
	   4.700	 141.470
	   5.900	 196.940
	   6.400	 219.460
	   6.700	 232.480
	   7.000	 244.940
	   7.300	 256.730
	   7.500	 264.190
	   7.700	 271.220
	   7.900	 277.790
	   8.100	 283.880
	   8.400	 292.310
	   8.800	 302.810
	   9.400	 317.890
	   9.500	 320.720
	  10.000	 333.960
	  10.200	 339.450
	  10.300	 341.830
	  10.600	 350.620
	  11.100	 366.260
	  11.400	 376.140
	  11.500	 379.550
	  11.600	 382.010
	  11.700	 381.770
	EndTable

End


	Name	02WBC
	ProTank 0x41a0002
	Frame      0    0

UllageVolTable
	   0.000	   2.280
	   0.300	  12.950
	   0.600	  24.320
	   0.900	  36.370
	   1.200	  49.170
	   1.500	  62.810
	   1.700	  72.420
	   1.900	  82.580
	   2.100	  93.110
	   2.300	 104.040
	   2.500	 115.420
	   2.700	 127.390
	   2.900	 139.870
	   3.000	 142.750
	   3.100	 142.810
	EndTable

End


	Name	11WBP
	ProTank 0x41a0003
	Frame      0    0

UllageVolTable
	   0.000	   1.240
	   0.100	   2.820
	   0.200	   4.660
	   0.400	   8.940
	   0.600	  13.710
	   0.900	  20.180
	   1.000	  22.080
	   1.400	  28.250
	   1.900	  35.840
	   2.100	  38.970
	   2.700	  44.540
	   2.900	  46.770
	   3.000	  48.110
	   3.200	  51.380
	   3.300	  53.200
	   3.600	  60.410
	   3.800	  65.850
	   4.200	  77.390
	   4.700	  92.590
	   5.200	 108.550
	   5.700	 125.190
	   6.200	 142.460
	   6.700	 160.320
	   7.300	 182.530
	   7.800	 201.660
	   8.400	 225.370
	   8.900	 245.760
	   9.400	 266.750
	   9.900	 288.370
	  10.400	 310.660
	  10.900	 333.660
	  11.400	 357.420
	  11.500	 360.770
	  11.600	 362.100
	EndTable

End


	Name	12WBS
	ProTank 0x41a0004
	Frame      0    0

UllageVolTable
	   0.000	   1.240
	   0.100	   2.820
	   0.200	   4.660
	   0.400	   8.940
	   0.600	  13.710
	   0.900	  20.180
	   1.000	  22.080
	   1.400	  28.250
	   1.900	  35.840
	   2.100	  38.970
	   2.700	  44.540
	   2.900	  46.770
	   3.000	  48.110
	   3.200	  51.380
	   3.300	  53.200
	   3.600	  60.410
	   3.800	  65.850
	   4.200	  77.390
	   4.700	  92.590
	   5.200	 108.550
	   5.700	 125.190
	   6.200	 142.460
	   6.700	 160.320
	   7.200	 178.770
	   7.800	 201.660
	   8.400	 225.370
	   8.900	 245.760
	   9.400	 266.750
	   9.900	 288.370
	  10.400	 310.660
	  10.900	 333.660
	  11.400	 357.420
	  11.500	 360.770
	  11.600	 362.100
	EndTable

End


	Name	13FWP
	ProTank 0x41a0005
	Frame      0    0

UllageVolTable
	   0.000	   0.040
	   0.100	   0.290
	   0.300	   1.460
	   0.500	   3.430
	   0.700	   6.170
	   0.900	   9.640
	   1.100	  13.800
	   1.300	  18.600
	   1.500	  23.950
	   1.700	  29.810
	   1.900	  36.120
	   2.100	  42.850
	   2.400	  53.680
	   2.700	  65.290
	   3.000	  77.610
	   3.300	  90.570
	   3.600	 104.130
	   3.900	 118.220
	   4.200	 132.820
	   4.500	 147.880
	   4.900	 168.630
	   5.300	 190.090
	   5.400	 195.560
	   5.500	 200.730
	   5.900	 218.890
	   6.300	 237.620
	   6.700	 256.900
	   7.200	 281.700
	   7.700	 307.250
	   7.800	 312.440
	   7.900	 317.290
	   8.400	 338.400
	   9.000	 364.390
	   9.600	 391.000
	  10.300	 422.770
	  11.000	 455.260
	  11.500	 478.870
	  11.600	 483.450
	  11.700	 485.330
	EndTable

End


	Name	14FWS
	ProTank 0x41a0006
	Frame      0    0

UllageVolTable
	   0.000	   0.040
	   0.100	   0.290
	   0.300	   1.460
	   0.500	   3.430
	   0.700	   6.170
	   0.900	   9.640
	   1.100	  13.740
	   1.300	  18.390
	   1.500	  23.540
	   1.700	  29.120
	   2.000	  38.240
	   2.200	  44.760
	   2.300	  48.180
	   2.600	  59.540
	   2.900	  71.630
	   3.200	  84.390
	   3.500	  97.750
	   3.800	 111.670
	   4.100	 126.100
	   4.400	 141.010
	   4.800	 161.580
	   5.200	 182.870
	   5.400	 193.760
	   5.500	 198.930
	   5.900	 217.090
	   6.400	 240.590
	   6.900	 264.930
	   7.400	 290.040
	   7.800	 310.650
	   7.900	 315.490
	   8.400	 336.600
	   9.000	 362.590
	   9.600	 389.210
	  10.300	 420.980
	  11.000	 453.460
	  11.500	 477.070
	  11.600	 481.660
	  11.700	 483.530
	EndTable

End


	Name	15FWC
	ProTank 0x41a0007
	Frame      0    0

UllageVolTable
	   0.000	   1.000
	   0.100	   4.840
	   0.200	   9.760
	   0.300	  15.240
	   0.500	  26.980
	   0.900	  51.700
	   2.100	 126.600
	   2.200	 132.700
	   3.300	 196.680
	   3.400	 202.630
	   5.400	 327.470
	   5.500	 333.310
	   6.600	 392.220
	   6.700	 397.420
	   7.800	 451.130
	   7.900	 455.470
	   8.000	 456.800
	EndTable

End


	Name	201MDOP
	ProTank 0x41a0008
	Frame      0    0

UllageVolTable
	   0.000	   0.560
	   0.100	   3.450
	   0.200	   7.600
	   0.300	  12.190
	   0.400	  17.100
	   0.500	  22.270
	   0.700	  33.220
	   0.900	  44.850
	   1.100	  57.030
	   1.300	  69.670
	   1.600	  89.370
	   1.900	 109.800
	   2.100	 123.770
	   2.200	 130.080
	   2.300	 133.120
	   2.700	 139.220
	   3.100	 146.040
	   3.600	 155.350
	   4.100	 165.350
	   4.700	 178.070
	   5.400	 193.670
	   6.300	 214.550
	   7.400	 240.860
	   7.800	 250.590
	   7.900	 252.770
	   8.000	 253.450
	EndTable

End


	Name	202MDOS
	ProTank 0x41a0009
	Frame      0    0

UllageVolTable
	   0.000	   0.560
	   0.100	   3.450
	   0.200	   7.600
	   0.300	  12.190
	   0.400	  17.100
	   0.500	  22.270
	   0.700	  33.220
	   0.900	  44.850
	   1.100	  57.030
	   1.300	  69.670
	   1.600	  89.370
	   1.900	 109.800
	   2.100	 123.770
	   2.200	 130.080
	   2.300	 133.120
	   2.700	 139.220
	   3.100	 146.040
	   3.600	 155.350
	   4.100	 165.350
	   4.700	 178.070
	   5.400	 193.670
	   6.300	 214.550
	   7.400	 240.860
	   7.800	 250.590
	   7.900	 252.770
	   8.000	 253.450
	EndTable

End


	Name	203MDOC
	ProTank 0x41a000a
	Frame      0    0

UllageVolTable
	   0.000	   1.120
	   2.100	  96.370
	   2.200	  99.780
	   2.300	  99.860
	EndTable

End


	Name	204MDOC
	ProTank 0x41a000b
	Frame      0    0

UllageVolTable
	   0.000	   1.060
	   0.100	   7.410
	   2.100	 188.990
	   2.200	 197.000
	   2.300	 199.710
	EndTable

End


	Name	216SEWS
	ProTank 0x41a000c
	Frame      0    0

UllageVolTable
	   0.000	   0.630
	   3.200	  77.180
	   3.300	  79.130
	   3.400	  78.960
	EndTable

End


	Name	21WBP
	ProTank 0x41a000d
	Frame      0    0

UllageVolTable
	   0.000	   0.240
	   0.100	   1.970
	   1.500	  38.330
	   2.000	  50.470
	   3.600	  88.730
	   3.700	  90.880
	   3.800	  91.690
	   3.900	  91.700
	EndTable

End


	Name	221WBP
	ProTank 0x41a000e
	Frame      0    0

UllageVolTable
	   0.000	   1.390
	   8.200	 280.590
	   8.300	 283.760
	   9.300	 313.080
	   9.400	 314.780
	   9.500	 314.790
	EndTable

End


	Name	222WBS
	ProTank 0x41a000f
	Frame      0    0

UllageVolTable
	   0.000	   1.390
	   8.200	 280.590
	   8.300	 283.760
	   9.300	 313.080
	   9.400	 314.780
	   9.500	 314.790
	EndTable

End


	Name	223WBP
	ProTank 0x41a0010
	Frame      0    0

UllageVolTable
	   0.000	   1.880
	   8.200	 277.680
	   8.400	 283.960
	   9.300	 311.280
	   9.400	 312.620
	EndTable

End


	Name	224WBS
	ProTank 0x41a0011
	Frame      0    0

UllageVolTable
	   0.000	   1.870
	   8.200	 277.670
	   8.400	 283.950
	   9.300	 311.250
	   9.400	 312.620
	EndTable

End


	Name	225WBP
	ProTank 0x41a0012
	Frame      0    0

UllageVolTable
	   0.000	   1.230
	   8.200	 280.370
	   8.400	 286.620
	   9.300	 313.430
	   9.400	 315.240
	   9.500	 315.310
	EndTable

End


	Name	226WBS
	ProTank 0x41a0013
	Frame      0    0

UllageVolTable
	   0.000	   1.230
	   8.200	 280.370
	   8.400	 286.620
	   9.300	 313.430
	   9.400	 315.240
	   9.500	 315.310
	EndTable

End


	Name	22WBS
	ProTank 0x41a0014
	Frame      0    0

UllageVolTable
	   0.000	   0.240
	   0.100	   1.970
	   1.500	  38.330
	   2.000	  50.470
	   3.600	  88.730
	   3.700	  90.880
	   3.800	  91.690
	   3.900	  91.700
	EndTable

End


	Name	301MDOP
	ProTank 0x41a0015
	Frame      0    0

UllageVolTable
	   0.000	   0.750
	   0.100	   4.800
	   0.200	  10.470
	   0.300	  16.430
	   0.500	  28.940
	   0.700	  42.040
	   0.900	  55.590
	   1.200	  76.610
	   1.500	  98.240
	   1.900	 127.790
	   2.100	 142.780
	   2.200	 149.290
	   2.300	 151.320
	EndTable

End


	Name	302MDOS
	ProTank 0x41a0016
	Frame      0    0

UllageVolTable
	   0.000	   0.750
	   0.100	   4.800
	   0.200	  10.470
	   0.300	  16.430
	   0.500	  28.940
	   0.700	  42.040
	   0.900	  55.590
	   1.200	  76.610
	   1.500	  98.240
	   1.900	 127.790
	   2.100	 142.780
	   2.200	 149.290
	   2.300	 151.320
	EndTable

End


	Name	303MDOC
	ProTank 0x41a0017
	Frame      0    0

UllageVolTable
	   0.000	   1.120
	   2.100	  96.370
	   2.200	  99.780
	   2.300	  99.860
	EndTable

End


	Name	310WBC
	ProTank 0x41a0018
	Frame      0    0

UllageVolTable
	   0.000	  13.270
	   5.800	 701.100
	   5.900	 710.250
	   6.000	 711.450
	EndTable

End


	Name	311MDOP
	ProTank 0x41a0019
	Frame      0    0

UllageVolTable
	   0.000	   0.320
	   0.100	   1.790
	   1.100	  20.320
	   5.600	 105.190
	   5.700	 106.770
	   5.800	 107.110
	EndTable

End


	Name	312MDOS
	ProTank 0x41a001a
	Frame      0    0

UllageVolTable
	   0.000	   0.700
	   0.100	   2.910
	   1.100	  28.900
	   5.600	 147.420
	   5.700	 149.330
	   5.800	 149.690
	EndTable

End


	Name	313OWP
	ProTank 0x41a001b
	Frame      0    0

UllageVolTable
	   0.000	   0.380
	   5.600	  42.070
	   5.700	  42.420
	EndTable

End


	Name	31WBP
	ProTank 0x41a001c
	Frame      0    0

UllageVolTable
	   0.000	   0.890
	   0.100	   3.270
	   3.600	  95.010
	   3.700	  97.060
	   3.800	  96.980
	EndTable

End


	Name	32WBS
	ProTank 0x41a001d
	Frame      0    0

UllageVolTable
	   0.000	   0.890
	   0.100	   3.270
	   3.600	  95.010
	   3.700	  97.060
	   3.800	  96.980
	EndTable

End


	Name	33WBP
	ProTank 0x41a001e
	Frame      0    0

UllageVolTable
	   0.000	   0.060
	   0.200	   0.810
	   0.500	   2.850
	   0.900	   6.440
	   1.300	  10.700
	   1.800	  16.690
	   2.500	  25.910
	   3.500	  40.050
	   9.700	 130.690
	   9.800	 131.410
	   9.900	 131.710
	EndTable

End


	Name	34WBS
	ProTank 0x41a001f
	Frame      0    0

UllageVolTable
	   0.000	   0.060
	   0.200	   0.810
	   0.500	   2.850
	   0.900	   6.440
	   1.300	  10.700
	   1.800	  16.690
	   2.500	  25.910
	   3.500	  40.050
	   9.700	 130.690
	   9.800	 131.410
	   9.900	 131.710
	EndTable

End


	Name	401MDOP
	ProTank 0x41a0020
	Frame      0    0

UllageVolTable
	   0.000	   0.760
	   0.100	   3.910
	   0.400	  14.290
	   0.700	  25.340
	   1.100	  40.730
	   1.600	  60.650
	   2.100	  81.020
	   2.200	  84.100
	   2.300	  84.170
	EndTable

End


	Name	402MDOS
	ProTank 0x41a0021
	Frame      0    0

UllageVolTable
	   0.000	   0.760
	   0.100	   4.630
	   0.200	   9.440
	   0.400	  19.740
	   0.600	  30.660
	   0.900	  47.860
	   1.200	  65.800
	   1.600	  90.510
	   2.100	 122.220
	   2.200	 127.600
	   2.300	 128.810
	EndTable

End


	Name	404S
	ProTank 0x41a0022
	Frame      0    0

UllageVolTable
	   0.000	   2.540
	   2.000	  36.590
	   2.100	  37.450
	   2.200	  37.450
	EndTable

End


	Name	408OWS
	ProTank 0x41a0023
	Frame      0    0

UllageVolTable
	   0.000	   0.440
	   2.100	  22.790
	   2.200	  23.400
	EndTable

End


	Name	410TWP
	ProTank 0x41a0024
	Frame      0    0

UllageVolTable
	   0.000	   0.450
	   2.100	  28.640
	   2.200	  29.530
	EndTable

End


	Name	411MDOP
	ProTank 0x41a0025
	Frame      0    0

UllageVolTable
	   0.000	   0.760
	   1.400	  10.740
	   1.500	  11.690
	   5.500	  68.430
	   5.600	  69.730
	   5.700	  70.230
	EndTable

End


	Name	412MDOS
	ProTank 0x41a0026
	Frame      0    0

UllageVolTable
	   0.000	   1.060
	   5.500	  79.080
	   5.600	  80.370
	   5.700	  80.850
	EndTable

End


	Name	41WBP
	ProTank 0x41a0027
	Frame      0    0

UllageVolTable
	   0.000	   0.070
	   0.100	   0.410
	   0.300	   1.760
	   0.600	   4.590
	   0.900	   8.020
	   1.300	  13.240
	   1.800	  20.470
	   2.500	  31.450
	   3.500	  48.050
	   6.000	  90.570
	   6.100	  92.740
	   6.400	 101.960
	   9.700	 204.940
	   9.800	 207.010
	   9.900	 207.320
	EndTable

End


	Name	42WBS
	ProTank 0x41a0028
	Frame      0    0

UllageVolTable
	   0.000	   0.070
	   0.100	   0.410
	   0.300	   1.760
	   0.600	   4.590
	   0.900	   8.020
	   1.300	  13.240
	   1.800	  20.470
	   2.500	  31.450
	   3.500	  48.050
	   6.000	  90.570
	   6.100	  92.740
	   6.400	 101.960
	   9.700	 204.940
	   9.800	 207.010
	   9.900	 207.320
	EndTable

End


	Name	501MDOP
	ProTank 0x41a0029
	Frame      0    0

UllageVolTable
	   0.000	   0.000
	   0.200	   0.000
	   0.300	   0.400
	   0.400	   4.220
	   0.500	  10.740
	   0.700	  24.570
	   0.900	  39.040
	   1.200	  61.590
	   1.500	  84.880
	   1.900	 116.750
	   2.400	 157.420
	   2.500	 165.620
	   2.600	 172.610
	   2.700	 176.420
	   2.800	 179.910
	   2.900	 183.110
	   3.000	 186.010
	   3.100	 188.630
	   3.200	 190.960
	   3.300	 193.000
	   3.400	 194.750
	   3.500	 196.200
	   3.600	 197.370
	   3.700	 198.250
	   3.800	 198.840
	   3.900	 199.140
	   4.200	 199.190
	EndTable

End


	Name	502MDOS
	ProTank 0x41a002a
	Frame      0    0

UllageVolTable
	   0.000	   0.000
	   0.200	   0.000
	   0.300	   0.400
	   0.400	   4.220
	   0.500	  10.740
	   0.700	  24.570
	   0.900	  39.040
	   1.200	  61.590
	   1.500	  84.880
	   1.900	 116.750
	   2.400	 157.420
	   2.500	 165.620
	   2.600	 172.610
	   2.700	 176.420
	   2.800	 179.910
	   2.900	 183.110
	   3.000	 186.010
	   3.100	 188.630
	   3.200	 190.960
	   3.300	 193.000
	   3.400	 194.750
	   3.500	 196.200
	   3.600	 197.370
	   3.700	 198.250
	   3.800	 198.840
	   3.900	 199.140
	   4.200	 199.190
	EndTable

End


	Name	503WBP
	ProTank 0x41a002b
	Frame      0    0

UllageVolTable
	   0.000	   0.460
	   0.100	   3.340
	   0.200	   7.670
	   0.400	  17.030
	   0.600	  27.000
	   0.900	  42.780
	   1.200	  59.300
	   1.400	  70.620
	   1.500	  76.060
	   1.600	  80.240
	   2.100	  98.240
	   3.600	 153.510
	   3.700	 156.750
	   3.800	 157.830
	EndTable

End


	Name	504WBS
	ProTank 0x41a002c
	Frame      0    0

UllageVolTable
	   0.000	   0.460
	   0.100	   3.340
	   0.200	   7.670
	   0.400	  17.030
	   0.600	  27.000
	   0.900	  42.780
	   1.200	  59.300
	   1.400	  70.620
	   1.500	  76.060
	   1.600	  80.240
	   2.100	  98.240
	   3.600	 153.510
	   3.700	 156.750
	   3.800	 157.830
	EndTable

End


	Name	505WBP
	ProTank 0x41a002d
	Frame      0    0

UllageVolTable
	   0.000	   0.450
	   0.100	   3.310
	   0.200	   7.640
	   0.400	  16.990
	   0.600	  26.960
	   0.800	  37.380
	   1.100	  53.680
	   1.400	  70.570
	   1.500	  76.010
	   1.600	  80.190
	   2.100	  98.180
	   3.600	 153.460
	   3.700	 156.700
	   3.800	 157.780
	EndTable

End


	Name	506WBS
	ProTank 0x41a002e
	Frame      0    0

UllageVolTable
	   0.000	   0.450
	   0.100	   3.310
	   0.200	   7.640
	   0.400	  16.990
	   0.600	  26.960
	   0.800	  37.380
	   1.100	  53.680
	   1.400	  70.570
	   1.500	  76.010
	   1.600	  80.190
	   2.100	  98.180
	   3.600	 153.460
	   3.700	 156.700
	   3.800	 157.780
	EndTable

End


	Name	507WBP
	ProTank 0x41a002f
	Frame      0    0

UllageVolTable
	   0.000	   0.820
	   0.100	   5.620
	   0.200	  14.710
	   0.300	  27.680
	   3.600	 477.090
	   3.700	 489.880
	   3.800	 498.680
	   5.600	 621.240
	   5.700	 625.730
	   5.800	 626.370
	EndTable

End


	Name	508WBS
	ProTank 0x41a0030
	Frame      0    0

UllageVolTable
	   0.000	   0.820
	   0.100	   5.620
	   0.200	  14.710
	   0.300	  27.680
	   3.600	 477.090
	   3.700	 489.880
	   3.800	 498.680
	   5.600	 621.240
	   5.700	 625.730
	   5.800	 626.370
	EndTable

End


	Name	51WBP
	ProTank 0x41a0031
	Frame      0    0

UllageVolTable
	   0.000	   3.680
	   0.200	   7.290
	   0.300	   9.290
	   0.600	  16.140
	   0.900	  23.810
	   1.000	  26.540
	   1.400	  38.910
	   2.100	  61.870
	   3.100	  95.550
	   3.200	  98.590
	   3.300	 100.630
	   5.500	 138.080
	   5.600	 140.140
	   5.700	 143.200
	   9.200	 262.370
	   9.300	 265.120
	   9.400	 265.860
	EndTable

End


	Name	521WBC
	ProTank 0x41a0032
	Frame      0    0

UllageVolTable
	   0.000	   4.180
	   0.100	  23.690
	   1.100	 279.040
	   1.200	 301.130
	   1.300	 311.120
	   7.800	 643.070
	   7.900	 647.320
	   8.000	 648.490
	EndTable

End


	Name	52WBS
	ProTank 0x41a0033
	Frame      0    0

UllageVolTable
	   0.000	   3.680
	   0.200	   7.290
	   0.300	   9.290
	   0.600	  16.140
	   0.900	  23.810
	   1.000	  26.540
	   1.400	  38.910
	   2.100	  61.870
	   3.100	  95.550
	   3.200	  98.590
	   3.300	 100.630
	   5.500	 138.080
	   5.600	 140.140
	   5.700	 143.200
	   9.200	 262.370
	   9.300	 265.120
	   9.400	 265.860
	EndTable

End


	Name	53WBP
	ProTank 0x41a0034
	Frame      0    0

UllageVolTable
	   0.000	   1.200
	   0.100	   6.010
	   1.700	 101.330
	   1.800	 106.600
	   1.900	 109.810
	   7.800	 260.470
	   7.900	 262.490
	   8.000	 262.970
	EndTable

End


	Name	54WBS
	ProTank 0x41a0035
	Frame      0    0

UllageVolTable
	   0.000	   1.250
	   0.100	   6.100
	   1.700	 101.430
	   1.800	 106.660
	   1.900	 109.850
	   7.800	 260.510
	   7.900	 262.510
	   8.000	 262.970
	EndTable

End


	Name	55WBP
	ProTank 0x41a0036
	Frame      0    0

UllageVolTable
	   0.000	   0.080
	   0.100	   0.430
	   0.300	   1.780
	   0.600	   4.620
	   0.900	   8.050
	   1.300	  13.280
	   1.800	  20.510
	   2.500	  31.490
	   3.500	  48.090
	   9.700	 153.610
	   9.800	 154.740
	   9.900	 154.910
	EndTable

End


	Name	56WBS
	ProTank 0x41a0037
	Frame      0    0

UllageVolTable
	   0.000	   0.080
	   0.100	   0.430
	   0.300	   1.780
	   0.600	   4.620
	   0.900	   8.050
	   1.300	  13.280
	   1.800	  20.510
	   2.500	  31.490
	   3.500	  48.090
	   9.700	 153.610
	   9.800	 154.740
	   9.900	 154.910
	EndTable

End


	Name	57WBP
	ProTank 0x41a0038
	Frame      0    0

UllageVolTable
	   0.000	   0.460
	   0.200	   1.770
	   0.500	   4.450
	   0.800	   7.740
	   1.200	  12.830
	   1.700	  19.970
	   2.300	  29.310
	   3.200	  44.180
	   9.500	 151.380
	   9.600	 152.970
	   9.700	 153.830
	   9.800	 153.870
	EndTable

End


	Name	58WBS
	ProTank 0x41a0039
	Frame      0    0

UllageVolTable
	   0.000	   0.460
	   0.200	   1.770
	   0.500	   4.450
	   0.800	   7.740
	   1.200	  12.830
	   1.700	  19.970
	   2.300	  29.310
	   3.200	  44.180
	   9.500	 151.380
	   9.600	 152.970
	   9.700	 153.830
	   9.800	 153.870
	EndTable

End


	Name	601MDOP
	ProTank 0x41a003a
	Frame      0    0

UllageVolTable
	   0.000	   1.160
	   0.100	   3.240
	   0.200	   5.970
	   0.300	   9.170
	   0.400	  12.780
	   0.500	  16.700
	   0.700	  25.210
	   0.900	  34.380
	   1.100	  44.020
	   1.300	  54.020
	   1.400	  58.360
	   1.800	  71.030
	   2.300	  87.630
	   3.500	 128.910
	   3.600	 130.900
	   3.700	 131.260
	EndTable

End


	Name	602MDOS
	ProTank 0x41a003b
	Frame      0    0

UllageVolTable
	   0.000	   1.160
	   0.100	   3.240
	   0.200	   5.970
	   0.300	   9.170
	   0.400	  12.780
	   0.500	  16.700
	   0.700	  25.210
	   0.900	  34.380
	   1.100	  44.020
	   1.300	  54.020
	   1.400	  58.360
	   1.800	  71.030
	   2.300	  87.630
	   3.500	 128.910
	   3.600	 130.900
	   3.700	 131.260
	EndTable

End


	Name	603MDOC
	Frame      0    0

UllageVolTable
	   0.000	   1.000
	   0.100	   9.670
	   0.300	  34.940
	   3.600	 456.260
	   3.700	 467.320
	   3.800	 470.470
	EndTable

End


	Name	604WBS
	Frame      0    0

UllageVolTable
	   0.000	   0.650
	   0.100	   3.190
	   2.300	  67.100
	   2.400	  69.350
	   2.500	  69.710
	EndTable

End


	Name	605WBP
	Frame      0    0

UllageVolTable
	   0.000	   0.870
	   0.100	   3.690
	   2.300	  73.910
	   2.400	  76.230
	   2.500	  76.590
	EndTable

End


	Name	611WBC
	Frame      0    0

UllageVolTable
	   0.000	   4.180
	   0.100	  23.390
	   1.100	 262.780
	   1.200	 283.330
	   1.300	 291.910
	   7.800	 603.110
	   7.900	 607.040
	   8.000	 607.960
	EndTable

End


	Name	61WBP
	Frame      0    0

UllageVolTable
	   0.000	   0.020
	   0.400	   0.480
	   0.700	   1.410
	   1.000	   2.850
	   1.300	   4.980
	   1.600	   7.730
	   2.000	  12.160
	   2.400	  17.270
	   2.900	  24.320
	   3.600	  34.970
	   9.400	 127.430
	   9.500	 128.700
	   9.600	 128.970
	EndTable

End


	Name	62WBS
	Frame      0    0

UllageVolTable
	   0.000	   0.020
	   0.400	   0.480
	   0.700	   1.410
	   1.000	   2.850
	   1.300	   4.980
	   1.600	   7.730
	   2.000	  12.160
	   2.400	  17.270
	   2.900	  24.320
	   3.600	  34.970
	   9.400	 127.430
	   9.500	 128.700
	   9.600	 128.970
	EndTable

End


	Name	701MDOP
	Frame      0    0

UllageVolTable
	   0.000	   0.100
	   0.200	   0.590
	   0.400	   1.440
	   0.800	   4.210
	   1.000	   6.260
	   1.300	  10.230
	   1.500	  13.670
	   1.700	  17.710
	   1.900	  22.300
	   2.100	  27.460
	   2.300	  33.070
	   2.600	  42.070
	   2.700	  44.580
	   2.800	  45.150
	EndTable

End


	Name	702MDOS
	Frame      0    0

UllageVolTable
	   0.000	   0.140
	   0.300	   0.900
	   0.500	   2.100
	   0.700	   3.810
	   0.900	   6.150
	   1.200	  10.570
	   1.300	  12.260
	   1.500	  16.310
	   1.700	  20.930
	   1.900	  26.090
	   2.100	  31.810
	   2.400	  41.210
	   2.600	  47.840
	   2.700	  50.630
	   2.800	  51.400
	EndTable

End


	Name	703MDOC
	Frame      0    0

UllageVolTable
	   0.000	   0.420
	   0.100	   2.830
	   0.200	   7.310
	   0.300	  12.810
	   0.400	  19.090
	   0.500	  26.190
	   0.600	  34.110
	   0.700	  42.810
	   0.800	  52.170
	   0.900	  62.070
	   1.000	  72.430
	   1.100	  83.240
	   1.200	  94.520
	   1.300	 106.150
	   1.400	 118.140
	   1.500	 130.510
	   1.600	 143.230
	   1.700	 156.310
	   1.800	 169.790
	   1.900	 183.630
	   2.000	 197.790
	   2.100	 212.320
	   2.200	 227.120
	   2.300	 242.130
	   2.400	 257.360
	   2.600	 288.430
	   2.800	 320.240
	   3.300	 400.920
	   3.600	 449.430
	   3.700	 464.020
	   3.800	 471.500
	   3.900	 472.360
	EndTable

End


	Name	711WBP
	Frame      0    0

UllageVolTable
	   0.000	   0.000
	   0.500	   0.310
	   0.700	   0.740
	   0.800	   1.910
	   1.000	   6.410
	   1.200	  11.360
	   1.500	  19.610
	   1.800	  28.720
	   2.100	  38.660
	   2.400	  49.360
	   2.700	  60.820
	   3.000	  72.980
	   3.300	  85.860
	   3.600	  99.410
	   3.900	 113.600
	   4.300	 133.250
	   4.800	 158.630
	   5.000	 168.950
	   5.600	 202.100
	   8.500	 364.020
	   8.600	 368.740
	   8.700	 370.890
	   8.800	 371.010
	EndTable

End


	Name	712WBS
	Frame      0    0

UllageVolTable
	   0.000	   0.000
	   0.500	   0.310
	   0.700	   0.740
	   0.800	   1.890
	   1.000	   6.960
	   1.200	  12.580
	   1.400	  18.610
	   1.700	  28.390
	   2.000	  39.020
	   2.300	  50.430
	   2.600	  62.590
	   2.900	  75.490
	   3.200	  89.090
	   3.500	 103.370
	   3.800	 118.320
	   4.100	 133.810
	   4.500	 155.060
	   5.000	 182.290
	   5.900	 232.210
	   8.500	 377.430
	   8.600	 382.140
	   8.700	 384.290
	   8.800	 384.410
	EndTable

End


	Name	801WBC
	Frame      0    0

UllageVolTable
	   0.000	   0.150
	   0.100	   1.770
	   0.200	   5.090
	   0.700	  23.800
	   0.800	  27.050
	   1.100	  35.760
	   1.500	  46.410
	   1.900	  56.630
	   2.100	  61.670
	   2.200	  63.960
	   2.300	  65.940
	   2.400	  66.280
	EndTable

End


	Name	81WBP
	Frame      0    0

UllageVolTable
	   0.000	   0.440
	   0.300	   1.320
	   0.500	   2.380
	   0.700	   3.910
	   0.900	   6.070
	   1.000	   7.430
	   1.100	   9.000
	   1.200	  10.810
	   1.300	  12.880
	   1.400	  15.220
	   1.500	  17.860
	   1.600	  20.820
	   1.700	  24.120
	   1.800	  27.760
	   1.900	  31.760
	   2.000	  36.140
	   2.100	  40.910
	   2.200	  46.080
	   2.300	  51.670
	   2.400	  57.670
	   2.500	  64.100
	   2.600	  70.950
	   2.700	  78.230
	   2.800	  85.930
	   2.900	  94.060
	   3.000	 102.600
	   3.100	 111.560
	   3.300	 130.210
	   3.400	 139.820
	   3.500	 149.800
	   3.600	 160.160
	   3.700	 169.040
	   3.800	 173.030
	   4.000	 175.490
	   4.200	 178.460
	   4.500	 183.810
	   4.700	 188.060
	   4.900	 192.840
	   5.100	 198.120
	   5.300	 203.860
	   5.500	 210.050
	   5.700	 216.670
	   5.900	 223.720
	   6.100	 231.180
	   6.300	 239.070
	   6.500	 247.380
	   6.700	 256.130
	   7.000	 269.950
	   7.300	 284.470
	   7.700	 304.630
	   8.100	 325.470
	   8.700	 357.520
	   9.100	 379.170
	   9.200	 383.330
	   9.300	 384.810
	   9.400	 384.820
	EndTable

End


	Name	82WBS
	Frame      0    0

UllageVolTable
	   0.000	   0.440
	   0.300	   1.320
	   0.500	   2.380
	   0.700	   3.920
	   0.900	   6.070
	   1.000	   7.430
	   1.100	   9.000
	   1.200	  10.810
	   1.300	  12.880
	   1.400	  15.220
	   1.500	  17.860
	   1.600	  20.820
	   1.700	  24.120
	   1.800	  27.760
	   1.900	  31.760
	   2.000	  36.140
	   2.100	  40.910
	   2.200	  46.090
	   2.300	  51.670
	   2.400	  57.670
	   2.500	  64.100
	   2.600	  70.950
	   2.700	  78.230
	   2.800	  85.930
	   2.900	  94.060
	   3.000	 102.610
	   3.100	 111.570
	   3.300	 130.270
	   3.400	 139.940
	   3.500	 149.990
	   3.600	 160.410
	   3.700	 169.370
	   3.800	 173.380
	   4.000	 176.170
	   4.200	 179.430
	   4.500	 185.190
	   4.700	 189.730
	   4.900	 194.790
	   5.100	 200.350
	   5.300	 206.380
	   5.500	 212.850
	   5.700	 219.760
	   5.900	 227.090
	   6.100	 234.840
	   6.300	 243.010
	   6.500	 251.600
	   6.700	 260.630
	   7.000	 274.880
	   7.300	 289.820
	   7.600	 305.300
	   8.000	 326.560
	   8.600	 359.330
	   9.100	 387.080
	   9.200	 391.380
	   9.300	 393.000
	   9.400	 393.020
	EndTable

End


	Name	91WBP
	Frame      0    0

UllageVolTable
	   0.000	   0.010
	   0.300	   0.360
	   0.400	   0.720
	   0.500	   1.300
	   0.600	   2.150
	   0.700	   3.380
	   0.800	   5.060
	   0.900	   7.230
	   1.000	   9.900
	   1.100	  13.070
	   1.200	  16.750
	   1.300	  20.920
	   1.400	  25.600
	   1.500	  30.730
	   1.600	  36.310
	   1.700	  42.270
	   1.800	  48.550
	   1.900	  55.100
	   2.000	  61.920
	   2.100	  69.000
	   2.200	  76.360
	   2.300	  83.960
	   2.400	  91.790
	   2.500	  99.840
	   2.700	 116.560
	   2.800	 125.190
	   2.900	 133.580
	   3.000	 138.940
	   3.200	 147.250
	   3.500	 160.490
	   3.800	 174.520
	   4.300	 198.550
	   4.700	 218.330
	   5.100	 238.480
	   5.200	 243.390
	   5.300	 248.030
	   5.500	 256.690
	   5.700	 265.000
	   5.800	 265.300
	EndTable

End


	Name	92WBS
	Frame      0    0

UllageVolTable
	   0.000	   0.010
	   0.300	   0.370
	   0.400	   0.720
	   0.500	   1.290
	   0.600	   2.150
	   0.700	   3.380
	   0.800	   5.060
	   0.900	   7.230
	   1.000	   9.900
	   1.100	  13.080
	   1.200	  16.750
	   1.300	  20.920
	   1.400	  25.600
	   1.500	  30.730
	   1.600	  36.310
	   1.700	  42.270
	   1.800	  48.550
	   1.900	  55.100
	   2.000	  61.920
	   2.100	  69.000
	   2.200	  76.360
	   2.300	  83.960
	   2.400	  91.790
	   2.500	  99.840
	   2.700	 116.560
	   2.800	 125.190
	   2.900	 133.570
	   3.000	 138.820
	   3.200	 146.650
	   3.500	 159.140
	   3.800	 172.380
	   4.300	 195.090
	   4.700	 213.780
	   5.100	 232.850
	   5.200	 237.490
	   5.300	 241.860
	   5.500	 249.980
	   5.700	 257.750
	   5.800	 257.910
	EndTable

End


	Name	93WBC
	Frame      0    0

UllageVolTable
	   0.000	   0.260
	   0.600	   2.290
	   1.200	   4.930
	   1.800	   8.280
	   2.300	  11.540
	   2.500	  13.250
	   2.600	  14.440
	   2.700	  15.890
	   2.800	  17.630
	   2.900	  19.830
	   3.000	  22.590
	   3.100	  25.890
	   3.200	  29.740
	   3.300	  34.200
	   3.400	  39.330
	   3.500	  45.130
	   3.600	  51.580
	   3.700	  58.680
	   3.800	  66.310
	   3.900	  74.390
	   4.000	  82.910
	   4.100	  91.760
	   4.400	 119.290
	   4.500	 127.830
	   6.400	 257.180
	   6.500	 260.610
	   6.600	 260.640
	EndTable

End

