TRIM 0.0
Displacement
	0-30	30-40	0-40	MaxGz25	KGGM015	KGGM030	KGmax
40	15.976	9.038	12.990	1.787	131.668	131.518	1.787
50	15.770	8.995	12.853	1.998	107.749	107.599	1.998
60	14.837	8.955	12.302	2.199	91.806	91.656	2.199
70	14.687	8.917	12.200	2.399	80.421	80.271	2.399
80	14.579	8.881	12.123	2.620	71.885	71.735	2.620
90	14.104	8.846	11.836	2.828	65.247	65.097	2.828
100	13.981	8.813	11.751	3.013	59.939	59.789	3.013
110	13.864	8.781	11.671	3.180	55.597	55.447	3.180
120	13.521	8.751	11.461	3.326	51.981	51.831	3.326
130	13.420	8.721	11.391	3.456	48.922	48.772	3.456
140	13.024	8.693	11.152	3.573	46.301	46.151	3.573
150	12.976	8.665	11.112	3.676	44.031	43.881	3.676
160	12.974	8.638	11.100	3.769	42.046	41.896	3.769
170	12.887	8.612	11.039	3.852	40.296	40.146	3.852
180	12.803	8.587	10.980	3.927	38.741	38.591	3.927
190	12.722	8.562	10.923	3.996	37.350	37.200	3.996
200	12.643	8.538	10.867	4.058	36.100	35.950	4.058
210	12.566	8.514	10.813	4.113	34.755	34.605	4.113
220	12.492	8.491	10.761	4.164	33.501	33.351	4.164
230	12.419	8.468	10.709	4.209	32.357	32.207	4.209
240	12.349	8.445	10.659	4.250	31.309	31.159	4.250
250	12.280	8.423	10.610	4.286	30.346	30.196	4.286
260	12.212	8.402	10.562	4.316	29.457	29.307	4.316
270	12.146	8.380	10.515	4.341	28.635	28.485	4.341
280	12.081	8.359	10.469	4.362	27.872	27.722	4.362
290	12.018	8.338	10.424	4.382	27.163	27.013	4.382
300	11.955	8.317	10.379	4.399	26.501	26.351	4.399
310	11.894	8.297	10.336	4.414	25.882	25.732	4.414
320	11.834	8.277	10.293	4.429	25.303	25.153	4.429
330	11.775	8.258	10.251	4.442	24.759	24.609	4.442
340	11.718	8.238	10.209	4.455	24.248	24.098	4.455
350	11.661	8.219	10.169	4.468	23.766	23.616	4.468
360	11.605	8.200	10.129	4.480	23.312	23.162	4.480
370	11.550	8.182	10.089	4.491	22.882	22.732	4.491
380	11.496	8.163	10.051	4.503	22.476	22.326	4.503
390	11.443	8.145	10.012	4.514	22.091	21.941	4.514
400	11.391	8.127	9.975	4.525	21.698	21.548	4.525
410	11.339	8.109	9.937	4.536	21.301	21.151	4.536
420	11.289	8.091	9.901	4.547	20.924	20.774	4.547
430	11.239	8.073	9.864	4.558	20.564	20.414	4.558
440	11.189	8.055	9.829	4.569	20.221	20.071	4.569
450	11.141	8.038	9.794	4.580	19.894	19.744	4.580
460	11.094	8.021	9.759	4.591	19.581	19.431	4.591
470	11.047	8.004	9.725	4.602	19.282	19.132	4.602
480	11.001	7.987	9.692	4.613	18.996	18.846	4.613
490	10.955	7.971	9.659	4.625	18.722	18.572	4.625
500	10.910	7.955	9.626	4.636	18.459	18.309	4.636
510	10.866	7.939	9.594	4.648	18.206	18.056	4.648
520	10.822	7.923	9.562	4.659	17.964	17.814	4.659
530	10.779	7.908	9.531	4.671	17.731	17.581	4.671
540	10.737	7.893	9.500	4.683	17.507	17.357	4.683
550	10.694	7.878	9.469	4.695	17.291	17.141	4.695
560	10.653	7.863	9.439	4.707	17.084	16.934	4.707
570	10.611	7.849	9.409	4.720	16.884	16.734	4.720
580	10.570	7.834	9.380	4.732	16.691	16.541	4.732
590	10.530	7.820	9.351	4.745	16.505	16.355	4.745
600	10.490	7.806	9.322	4.757	16.325	16.175	4.757
610	10.450	7.793	9.293	4.770	16.134	15.984	4.770
620	10.411	7.779	9.265	4.782	15.944	15.794	4.782
630	10.371	7.766	9.236	4.796	15.761	15.611	4.796
640	10.333	7.752	9.209	4.809	15.584	15.434	4.809
650	10.294	7.739	9.181	4.822	15.412	15.262	4.822
660	10.256	7.727	9.154	4.835	15.246	15.096	4.835
670	10.218	7.714	9.127	4.848	15.085	14.935	4.848
680	10.181	7.702	9.100	4.862	14.929	14.779	4.862
690	10.143	7.690	9.073	4.875	14.778	14.628	4.875
700	10.106	7.678	9.047	4.889	14.631	14.481	4.889
710	10.070	7.666	9.021	4.902	14.489	14.339	4.902
720	10.033	7.654	8.995	4.916	14.351	14.201	4.916
730	9.997	7.643	8.970	4.930	14.217	14.067	4.930
740	9.962	7.631	8.944	4.944	14.086	13.936	4.944
750	9.926	7.620	8.919	4.958	13.960	13.810	4.958
760	9.891	7.609	8.895	4.971	13.836	13.686	4.971
770	9.857	7.598	8.870	4.986	13.717	13.567	4.986
780	9.822	7.587	8.846	5.000	13.600	13.450	5.000
790	9.788	7.577	8.822	5.014	13.487	13.337	5.014
800	9.754	7.566	8.798	5.028	13.377	13.227	5.028
810	9.720	7.556	8.774	5.043	13.269	13.119	5.043
820	9.687	7.546	8.751	5.057	13.164	13.014	5.057
830	9.654	7.536	8.728	5.072	13.050	12.900	5.072
840	9.621	7.526	8.705	5.086	12.938	12.788	5.086
850	9.589	7.516	8.682	5.101	12.830	12.680	5.101
860	9.557	7.507	8.659	5.116	12.724	12.574	5.116
870	9.525	7.497	8.637	5.130	12.620	12.470	5.130
880	9.493	7.488	8.615	5.145	12.520	12.370	5.145
890	9.462	7.479	8.593	5.160	12.421	12.271	5.160
900	9.431	7.470	8.571	5.174	12.325	12.175	5.174
910	9.400	7.461	8.550	5.189	12.232	12.082	5.189
920	9.370	7.452	8.529	5.204	12.140	11.990	5.204
930	9.339	7.443	8.508	5.219	12.051	11.901	5.219
940	9.309	7.434	8.487	5.234	11.963	11.813	5.234
950	9.280	7.426	8.466	5.249	11.878	11.728	5.249
960	9.250	7.417	8.445	5.264	11.794	11.644	5.264
970	9.221	7.409	8.425	5.279	11.713	11.563	5.279
980	9.192	7.401	8.405	5.294	11.633	11.483	5.294
990	9.163	7.392	8.385	5.309	11.555	11.405	5.309
1000	9.135	7.384	8.365	5.324	11.479	11.329	5.324
1010	9.106	7.376	8.346	5.339	11.404	11.254	5.339
1020	9.078	7.368	8.326	5.354	11.331	11.181	5.354
1030	9.050	7.361	8.307	5.369	11.260	11.110	5.369
1040	9.023	7.353	8.288	5.384	11.190	11.040	5.384
1050	8.995	7.345	8.269	5.399	11.118	10.968	5.399
1060	8.968	7.338	8.250	5.415	11.045	10.895	5.415
1070	8.941	7.330	8.231	5.430	10.973	10.823	5.430
1080	8.914	7.323	8.213	5.445	10.902	10.752	5.445
1090	8.887	7.316	8.194	5.460	10.833	10.683	5.460
1100	8.861	7.309	8.176	5.475	10.765	10.615	5.475
1110	8.835	7.302	8.158	5.490	10.699	10.549	5.490
1120	8.809	7.295	8.140	5.506	10.634	10.484	5.506
1130	8.783	7.288	8.123	5.521	10.570	10.420	5.521
1140	8.757	7.281	8.105	5.536	10.508	10.358	5.536
1150	8.732	7.274	8.087	5.551	10.446	10.296	5.551
1160	8.707	7.267	8.070	5.566	10.386	10.236	5.566
1170	8.682	7.261	8.053	5.581	10.327	10.177	5.581
1180	8.657	7.254	8.036	5.597	10.269	10.119	5.597
1190	8.632	7.247	8.019	5.612	10.213	10.063	5.612
1200	8.608	7.241	8.002	5.627	10.157	10.007	5.627
1210	8.583	7.235	7.986	5.642	10.102	9.952	5.642
1220	8.559	7.228	7.969	5.657	10.049	9.899	5.657
1230	8.535	7.222	7.953	5.672	9.996	9.846	5.672
1240	8.512	7.216	7.937	5.688	9.944	9.794	5.688
1250	8.488	7.210	7.921	5.703	9.894	9.744	5.703
1260	8.465	7.204	7.905	5.718	9.844	9.694	5.718
1270	8.442	7.198	7.889	5.733	9.795	9.645	5.733
1280	8.419	7.192	7.873	5.748	9.746	9.596	5.748
1290	8.396	7.186	7.858	5.763	9.698	9.548	5.763
1300	8.374	7.180	7.842	5.778	9.651	9.501	5.778
1310	8.351	7.174	7.827	5.793	9.604	9.454	5.793
1320	8.329	7.168	7.812	5.808	9.558	9.408	5.808
1330	8.307	7.163	7.797	5.823	9.512	9.362	5.823
1340	8.285	7.157	7.782	5.838	9.467	9.317	5.838
1350	8.263	7.152	7.767	5.853	9.423	9.273	5.853
1360	8.242	7.146	7.752	5.868	9.379	9.229	5.868
1370	8.220	7.140	7.737	5.883	9.336	9.186	5.883
1380	8.199	7.135	7.723	5.898	9.293	9.143	5.898
1390	8.178	7.130	7.709	5.912	9.251	9.101	5.912
1400	8.157	7.124	7.694	5.927	9.209	9.059	5.927
1410	8.136	7.119	7.680	5.942	9.168	9.018	5.942
1420	8.116	7.114	7.666	5.957	9.127	8.977	5.957
1430	8.096	7.108	7.652	5.971	9.087	8.937	5.971
1440	8.075	7.103	7.639	5.986	9.048	8.898	5.986
1450	8.055	7.098	7.625	6.000	9.009	8.859	6.000
1460	8.035	7.093	7.611	6.015	8.970	8.820	6.015
1470	8.016	7.088	7.598	6.029	8.931	8.781	6.029
1480	7.996	7.083	7.584	6.044	8.894	8.744	6.044
1490	7.976	7.078	7.571	6.058	8.857	8.707	6.058
1500	7.957	7.073	7.558	6.072	8.820	8.670	6.072
1510	7.938	7.068	7.545	6.087	8.784	8.634	6.087
1520	7.919	7.063	7.532	6.101	8.748	8.598	6.101
1530	7.900	7.058	7.519	6.115	8.713	8.563	6.115
1540	7.881	7.053	7.506	6.129	8.678	8.528	6.129
1550	7.863	7.048	7.493	6.143	8.643	8.493	6.143
1560	7.844	7.044	7.481	6.157	8.609	8.459	6.157
1570	7.826	7.039	7.468	6.171	8.575	8.425	6.171
1580	7.808	7.034	7.456	6.185	8.542	8.392	6.185
1590	7.790	7.030	7.444	6.199	8.510	8.360	6.199
1600	7.772	7.025	7.431	6.213	8.477	8.327	6.213
1610	7.754	7.020	7.419	6.227	8.446	8.296	6.227
1620	7.737	7.016	7.407	6.240	8.414	8.264	6.240
1630	7.719	7.011	7.395	6.254	8.382	8.232	6.254
1640	7.702	7.006	7.383	6.267	8.352	8.202	6.267
1650	7.685	7.002	7.371	6.281	8.321	8.171	6.281
1660	7.668	6.997	7.360	6.294	8.291	8.141	6.294
1670	7.651	6.993	7.348	6.308	8.262	8.112	6.308
1680	7.634	6.988	7.337	6.321	8.233	8.083	6.321
1690	7.617	6.984	7.325	6.335	8.204	8.054	6.335
1700	7.601	6.979	7.314	6.348	8.176	8.026	6.348
1710	7.585	6.974	7.302	6.361	8.148	7.998	6.361
1720	7.568	6.970	7.291	6.374	8.119	7.969	6.374
1730	7.552	6.965	7.280	6.387	8.091	7.941	6.387
1740	7.536	6.961	7.269	6.400	8.064	7.914	6.400
1750	7.520	6.957	7.258	6.413	8.038	7.888	6.413
1760	7.505	6.952	7.247	6.426	8.011	7.861	6.426
1770	7.489	6.948	7.236	6.439	7.985	7.835	6.439
1780	7.474	6.943	7.226	6.452	7.959	7.809	6.452
1790	7.458	6.939	7.215	6.465	7.934	7.784	6.465
1800	7.443	6.934	7.204	6.477	7.909	7.759	6.477
1810	7.428	6.930	7.194	6.490	7.883	7.733	6.490
1820	7.413	6.925	7.183	6.502	7.858	7.708	6.502
1830	7.398	6.921	7.173	6.515	7.834	7.684	6.515
1840	7.384	6.916	7.163	6.527	7.810	7.660	6.527
1850	7.369	6.912	7.152	6.539	7.787	7.637	6.539
1860	7.355	6.907	7.142	6.552	7.763	7.613	6.552
1870	7.340	6.903	7.132	6.564	7.740	7.590	6.564
1880	7.326	6.899	7.122	6.576	7.717	7.567	6.576
1890	7.312	6.894	7.112	6.588	7.695	7.545	6.588
1900	7.298	6.890	7.102	6.600	7.672	7.522	6.600
1910	7.284	6.885	7.092	6.611	7.649	7.499	6.611
1920	7.270	6.881	7.082	6.623	7.628	7.478	6.623
1930	7.257	6.876	7.073	6.635	7.606	7.456	6.635
1940	7.243	6.872	7.063	6.647	7.585	7.435	6.647
1950	7.230	6.868	7.054	6.658	7.564	7.414	6.658
1960	7.216	6.863	7.044	6.670	7.543	7.393	6.670
1970	7.203	6.859	7.035	6.681	7.522	7.372	6.681
1980	7.190	6.854	7.025	6.692	7.502	7.352	6.692
1990	7.177	6.850	7.016	6.703	7.482	7.332	6.703
2000	7.164	6.845	7.007	6.715	7.462	7.312	6.715
2010	7.151	6.841	6.997	6.726	7.443	7.293	6.726
2020	7.139	6.837	6.988	6.736	7.422	7.272	6.736
2030	7.126	6.832	6.979	6.747	7.403	7.253	6.747
2040	7.113	6.828	6.970	6.758	7.384	7.234	6.758
2050	7.101	6.823	6.961	6.768	7.366	7.216	6.768
2060	7.089	6.819	6.952	6.779	7.347	7.197	6.779
2070	7.077	6.814	6.943	6.789	7.329	7.179	6.789
2080	7.064	6.810	6.934	6.799	7.311	7.161	6.799
2090	7.053	6.805	6.926	6.809	7.293	7.143	6.805
2100	7.041	6.801	6.917	6.819	7.275	7.125	6.801
2110	7.029	6.796	6.908	6.828	7.258	7.108	6.796
2120	7.017	6.792	6.900	6.838	7.241	7.091	6.792
2130	7.006	6.787	6.891	6.847	7.223	7.073	6.787
2140	6.994	6.783	6.882	6.856	7.206	7.056	6.783
2150	6.983	6.778	6.874	6.865	7.189	7.039	6.778
2160	6.971	6.774	6.866	6.874	7.173	7.023	6.774
2170	6.960	6.769	6.857	6.883	7.156	7.006	6.769
2180	6.949	6.765	6.849	6.892	7.140	6.990	6.765
2190	6.938	6.760	6.841	6.900	7.124	6.974	6.760
2200	6.927	6.756	6.832	6.908	7.109	6.959	6.756
2210	6.916	6.751	6.824	6.916	7.093	6.943	6.751
2220	6.905	6.746	6.816	6.924	7.078	6.928	6.746
2230	6.895	6.742	6.808	6.931	7.063	6.913	6.742
2240	6.884	6.737	6.800	6.939	7.048	6.898	6.737
2250	6.873	6.733	6.792	6.946	7.032	6.882	6.733
2260	6.863	6.728	6.784	6.953	7.017	6.867	6.728
2270	6.853	6.724	6.776	6.960	7.003	6.853	6.724
2280	6.842	6.719	6.768	6.967	6.988	6.838	6.719
2290	6.832	6.714	6.760	6.974	6.974	6.824	6.714
2300	6.822	6.710	6.753	6.980	6.960	6.810	6.710
2310	6.812	6.705	6.745	6.986	6.946	6.796	6.705
2320	6.802	6.700	6.737	6.992	6.933	6.783	6.700
2330	6.792	6.696	6.730	6.998	6.919	6.769	6.696
2340	6.783	6.691	6.722	7.004	6.906	6.756	6.691
2350	6.773	6.686	6.715	7.009	6.893	6.743	6.686
2360	6.763	6.682	6.707	7.014	6.880	6.730	6.682
2370	6.754	6.677	6.700	7.020	6.867	6.717	6.677
2380	6.744	6.672	6.692	7.024	6.853	6.703	6.672
2390	6.735	6.668	6.685	7.029	6.841	6.691	6.668
2400	6.726	6.663	6.678	7.034	6.828	6.678	6.663
2410	6.717	6.658	6.670	7.038	6.816	6.666	6.658
2420	6.707	6.654	6.663	7.042	6.804	6.654	6.654
2430	6.698	6.649	6.656	7.046	6.792	6.642	6.642
2440	6.689	6.644	6.649	7.050	6.780	6.630	6.630
2450	6.681	6.640	6.642	7.054	6.768	6.618	6.618
2460	6.672	6.635	6.635	7.057	6.756	6.606	6.606
2470	6.663	6.630	6.628	7.060	6.745	6.595	6.595
2480	6.654	6.625	6.621	7.064	6.733	6.583	6.583
2490	6.646	6.621	6.614	7.066	6.722	6.572	6.572
2500	6.637	6.616	6.607	7.069	6.711	6.561	6.561
2510	6.629	6.611	6.600	7.072	6.700	6.550	6.550
2520	6.620	6.606	6.593	7.074	6.689	6.539	6.539
2530	6.612	6.602	6.586	7.076	6.678	6.528	6.528
2540	6.604	6.597	6.580	7.078	6.667	6.517	6.517
2550	6.596	6.592	6.573	7.080	6.657	6.507	6.507
2560	6.588	6.587	6.566	7.082	6.646	6.496	6.496
2570	6.580	6.582	6.559	7.083	6.636	6.486	6.486
2580	6.572	6.578	6.553	7.084	6.626	6.476	6.476
2590	6.564	6.573	6.546	7.085	6.616	6.466	6.466
2600	6.556	6.568	6.540	7.086	6.606	6.456	6.456
2610	6.548	6.563	6.533	7.087	6.597	6.447	6.447
2620	6.541	6.558	6.527	7.088	6.587	6.437	6.437
2630	6.533	6.553	6.520	7.088	6.577	6.427	6.427
2640	6.525	6.549	6.514	7.088	6.568	6.418	6.418
2650	6.518	6.544	6.507	7.088	6.559	6.409	6.409
2660	6.510	6.539	6.501	7.088	6.549	6.399	6.399
2670	6.503	6.534	6.495	7.088	6.540	6.390	6.390
2680	6.496	6.529	6.489	7.087	6.531	6.381	6.381
2690	6.488	6.524	6.482	7.086	6.522	6.372	6.372
2700	6.481	6.519	6.476	7.085	6.513	6.363	6.363
2710	6.474	6.514	6.470	7.084	6.505	6.355	6.355
2720	6.467	6.510	6.464	7.083	6.496	6.346	6.346
2730	6.460	6.505	6.457	7.082	6.488	6.338	6.338
2740	6.453	6.500	6.451	7.080	6.479	6.329	6.329
2750	6.446	6.495	6.445	7.078	6.471	6.321	6.321
2760	6.439	6.490	6.439	7.076	6.463	6.313	6.313
2770	6.432	6.485	6.433	7.074	6.455	6.305	6.305
2780	6.425	6.480	6.427	7.072	6.447	6.297	6.297
2790	6.419	6.475	6.421	7.069	6.439	6.289	6.289
2800	6.412	6.470	6.415	7.067	6.431	6.281	6.281
2810	6.405	6.465	6.409	7.064	6.423	6.273	6.273
2820	6.399	6.460	6.404	7.061	6.415	6.265	6.265
2830	6.392	6.455	6.398	7.058	6.408	6.258	6.258
2840	6.386	6.450	6.392	7.055	6.401	6.251	6.251
2850	6.379	6.445	6.386	7.052	6.393	6.243	6.243
2860	6.373	6.440	6.380	7.048	6.386	6.236	6.236
2870	6.367	6.435	6.375	7.044	6.379	6.229	6.229
2880	6.360	6.430	6.369	7.041	6.372	6.222	6.222
2890	6.354	6.425	6.363	7.037	6.365	6.215	6.215
2900	6.348	6.420	6.357	7.033	6.358	6.208	6.208
2910	6.342	6.415	6.352	7.029	6.352	6.202	6.202
2920	6.336	6.410	6.346	7.024	6.345	6.195	6.195
2930	6.330	6.405	6.341	7.020	6.338	6.188	6.188
2940	6.324	6.400	6.335	7.015	6.332	6.182	6.182
2950	6.318	6.395	6.330	7.011	6.326	6.176	6.176
2960	6.312	6.390	6.324	7.006	6.319	6.169	6.169
2970	6.306	6.385	6.319	7.001	6.313	6.163	6.163
2980	6.301	6.380	6.313	6.995	6.306	6.156	6.156
2990	6.295	6.375	6.308	6.990	6.300	6.150	6.150
3000	6.289	6.370	6.302	6.985	6.294	6.144	6.144
3010	6.284	6.365	6.297	6.979	6.288	6.138	6.138
3020	6.278	6.360	6.292	6.973	6.282	6.132	6.132
3030	6.272	6.355	6.286	6.967	6.277	6.127	6.127
3040	6.267	6.350	6.281	6.961	6.271	6.121	6.121
3050	6.261	6.345	6.276	6.955	6.265	6.115	6.115
3060	6.256	6.340	6.270	6.949	6.260	6.110	6.110
3070	6.251	6.335	6.265	6.943	6.254	6.104	6.104
3080	6.245	6.330	6.260	6.936	6.249	6.099	6.099
3090	6.240	6.325	6.255	6.929	6.244	6.094	6.094
3100	6.235	6.320	6.250	6.923	6.238	6.088	6.088
3110	6.230	6.315	6.245	6.916	6.233	6.083	6.083
3120	6.224	6.310	6.239	6.909	6.228	6.078	6.078
3130	6.219	6.304	6.234	6.902	6.223	6.073	6.073
3140	6.214	6.299	6.229	6.894	6.218	6.068	6.068
3150	6.209	6.294	6.224	6.887	6.213	6.063	6.063
3160	6.204	6.289	6.219	6.880	6.208	6.058	6.058
3170	6.199	6.284	6.214	6.872	6.203	6.053	6.053
3180	6.194	6.279	6.209	6.865	6.198	6.048	6.048
3190	6.189	6.274	6.204	6.857	6.194	6.044	6.044
3200	6.184	6.269	6.199	6.849	6.189	6.039	6.039
3210	6.180	6.264	6.194	6.841	6.185	6.035	6.035
3220	6.175	6.259	6.190	6.834	6.180	6.030	6.030
3230	6.170	6.254	6.185	6.826	6.176	6.026	6.026
3240	6.165	6.249	6.180	6.818	6.172	6.022	6.022
3250	6.161	6.244	6.175	6.809	6.167	6.017	6.017
3260	6.156	6.239	6.170	6.801	6.163	6.013	6.013
3270	6.151	6.234	6.165	6.793	6.159	6.009	6.009
3280	6.147	6.229	6.161	6.785	6.155	6.005	6.005
3290	6.142	6.224	6.156	6.776	6.151	6.001	6.001
3300	6.138	6.219	6.151	6.768	6.147	5.997	5.997
3310	6.133	6.214	6.146	6.759	6.143	5.993	5.993
3320	6.129	6.209	6.142	6.751	6.140	5.990	5.990
3330	6.124	6.204	6.137	6.742	6.136	5.986	5.986
3340	6.120	6.199	6.132	6.733	6.132	5.982	5.982
3350	6.115	6.194	6.128	6.724	6.129	5.979	5.979
3360	6.111	6.189	6.123	6.716	6.125	5.975	5.975
3370	6.107	6.184	6.118	6.707	6.122	5.972	5.972
3380	6.102	6.179	6.114	6.698	6.118	5.968	5.968
3390	6.098	6.174	6.109	6.689	6.115	5.965	5.965
3400	6.094	6.169	6.105	6.680	6.112	5.962	5.962
3410	6.089	6.164	6.100	6.671	6.108	5.958	5.958
3420	6.085	6.159	6.095	6.662	6.105	5.955	5.955
3430	6.081	6.154	6.091	6.652	6.101	5.951	5.951
3440	6.077	6.149	6.086	6.643	6.098	5.948	5.948
3450	6.073	6.144	6.082	6.634	6.095	5.945	5.945
3460	6.069	6.139	6.078	6.625	6.092	5.942	5.942
3470	6.065	6.135	6.073	6.615	6.089	5.939	5.939
3480	6.061	6.130	6.069	6.606	6.086	5.936	5.936
3490	6.057	6.125	6.064	6.596	6.083	5.933	5.933
3500	6.053	6.120	6.060	6.587	6.081	5.931	5.931
3510	6.049	6.115	6.056	6.577	6.078	5.928	5.928
3520	6.045	6.110	6.051	6.568	6.075	5.925	5.925
3530	6.041	6.105	6.047	6.558	6.073	5.923	5.923
3540	6.037	6.100	6.042	6.549	6.070	5.920	5.920
3550	6.033	6.095	6.038	6.539	6.067	5.917	5.917
3560	6.029	6.090	6.034	6.530	6.065	5.915	5.915
3570	6.025	6.085	6.030	6.520	6.063	5.913	5.913
3580	6.022	6.080	6.025	6.510	6.060	5.910	5.910
3590	6.018	6.075	6.021	6.501	6.058	5.908	5.908
3600	6.014	6.070	6.017	6.491	6.056	5.906	5.906
3610	6.010	6.065	6.012	6.481	6.053	5.903	5.903
3620	6.007	6.061	6.008	6.471	6.051	5.901	5.901
3630	6.003	6.056	6.004	6.462	6.049	5.899	5.899
3640	5.999	6.051	6.000	6.452	6.047	5.897	5.897
3650	5.996	6.046	5.996	6.442	6.045	5.895	5.895
3660	5.992	6.041	5.992	6.432	6.043	5.893	5.893
3670	5.988	6.036	5.987	6.423	6.041	5.891	5.891
3680	5.985	6.031	5.983	6.413	6.039	5.889	5.889
3690	5.981	6.026	5.979	6.403	6.037	5.887	5.887
3700	5.978	6.022	5.975	6.393	6.035	5.885	5.885
3710	5.974	6.017	5.971	6.383	6.034	5.884	5.884
3720	5.971	6.012	5.967	6.373	6.032	5.882	5.882
3730	5.967	6.007	5.963	6.363	6.030	5.880	5.880
3740	5.964	6.003	5.959	6.354	6.029	5.879	5.879
3750	5.960	5.998	5.955	6.344	6.027	5.877	5.877
3760	5.957	5.993	5.951	6.334	6.026	5.876	5.876
3770	5.954	5.988	5.947	6.324	6.024	5.874	5.874
3780	5.950	5.983	5.943	6.314	6.023	5.873	5.873
3790	5.947	5.979	5.939	6.305	6.021	5.871	5.871
3800	5.943	5.974	5.935	6.295	6.020	5.870	5.870
3810	5.940	5.969	5.931	6.285	6.018	5.868	5.868
3820	5.937	5.964	5.927	6.275	6.017	5.867	5.867
3830	5.933	5.960	5.923	6.265	6.016	5.866	5.866
3840	5.930	5.955	5.919	6.256	6.015	5.865	5.865
3850	5.927	5.950	5.915	6.246	6.013	5.863	5.863
3860	5.923	5.946	5.912	6.236	6.012	5.862	5.862
3870	5.920	5.941	5.908	6.226	6.011	5.861	5.861
3880	5.917	5.936	5.904	6.217	6.010	5.860	5.860
3890	5.914	5.932	5.900	6.207	6.009	5.859	5.859
3900	5.910	5.927	5.896	6.197	6.008	5.858	5.858
3910	5.907	5.922	5.892	6.188	6.007	5.857	5.857
3920	5.904	5.918	5.888	6.179	6.006	5.856	5.856
3930	5.901	5.913	5.885	6.168	6.005	5.855	5.855
3940	5.897	5.909	5.881	6.159	6.005	5.855	5.855
3950	5.894	5.904	5.877	6.149	6.004	5.854	5.854
3960	5.891	5.899	5.873	6.140	6.003	5.853	5.853
3970	5.888	5.895	5.869	6.131	6.002	5.852	5.852
3980	5.884	5.890	5.866	6.122	6.001	5.851	5.851
3990	5.881	5.886	5.862	6.113	6.001	5.851	5.851
4000	5.878	5.881	5.858	6.103	6.000	5.850	5.850
4010	5.875	5.877	5.854	6.094	6.000	5.850	5.850
4020	5.872	5.872	5.850	6.085	5.999	5.849	5.849
4030	5.869	5.867	5.847	6.076	5.999	5.849	5.847
4040	5.865	5.863	5.843	6.066	5.998	5.848	5.843
4050	5.862	5.858	5.839	6.056	5.998	5.848	5.839
4060	5.859	5.854	5.835	6.047	5.997	5.847	5.835
4070	5.856	5.849	5.832	6.039	5.997	5.847	5.832
4080	5.853	5.845	5.828	6.029	5.996	5.846	5.828
4090	5.850	5.840	5.824	6.020	5.996	5.846	5.824
4100	5.847	5.836	5.821	6.012	5.996	5.846	5.821
4110	5.843	5.832	5.817	6.003	5.996	5.846	5.817
4120	5.840	5.827	5.813	5.993	5.995	5.845	5.813
4130	5.837	5.823	5.810	5.985	5.995	5.845	5.810
4140	5.834	5.818	5.806	5.977	5.995	5.845	5.806
4150	5.831	5.814	5.802	5.967	5.995	5.845	5.802
4160	5.828	5.810	5.799	5.958	5.995	5.845	5.799
4170	5.825	5.805	5.795	5.951	5.995	5.845	5.795
4180	5.822	5.801	5.791	5.942	5.995	5.845	5.791
4190	5.819	5.796	5.788	5.933	5.995	5.845	5.788
4200	5.815	5.792	5.784	5.925	5.995	5.845	5.784
4210	5.812	5.788	5.780	5.916	5.995	5.845	5.780
4220	5.809	5.783	5.777	5.908	5.995	5.845	5.777
4230	5.806	5.779	5.773	5.900	5.995	5.845	5.773
4240	5.803	5.775	5.770	5.891	5.995	5.845	5.770
4250	5.800	5.770	5.766	5.883	5.995	5.845	5.766
4260	5.797	5.766	5.762	5.873	5.995	5.845	5.762
4270	5.794	5.762	5.759	5.863	5.995	5.845	5.759
4280	5.791	5.758	5.755	5.857	5.996	5.846	5.755
4290	5.788	5.753	5.752	5.849	5.996	5.846	5.752
4300	5.785	5.749	5.748	5.839	5.996	5.846	5.748
4310	5.782	5.745	5.745	5.831	5.997	5.847	5.745
4320	5.779	5.741	5.741	5.825	5.997	5.847	5.741
4330	5.776	5.736	5.737	5.815	5.997	5.847	5.736
4340	5.772	5.732	5.734	5.806	5.998	5.848	5.732
4350	5.769	5.728	5.730	5.801	5.998	5.848	5.728
4360	5.766	5.724	5.727	5.792	5.999	5.849	5.724
4370	5.763	5.720	5.723	5.782	5.999	5.849	5.720
4380	5.760	5.715	5.720	5.774	6.000	5.850	5.715
4390	5.757	5.711	5.716	5.767	6.001	5.851	5.711
4400	5.754	5.707	5.713	5.759	6.001	5.851	5.707
4410	5.751	5.703	5.709	5.751	6.002	5.852	5.703
4420	5.748	5.699	5.706	5.744	6.003	5.853	5.699
4430	5.745	5.695	5.702	5.736	6.003	5.853	5.695
4440	5.742	5.691	5.699	5.729	6.004	5.854	5.691
4450	5.739	5.687	5.695	5.721	6.005	5.855	5.687
4460	5.736	5.682	5.692	5.714	6.005	5.855	5.682
4470	5.733	5.678	5.688	5.706	6.006	5.856	5.678
4480	5.730	5.674	5.685	5.700	6.007	5.857	5.674
4490	5.727	5.670	5.681	5.693	6.008	5.858	5.670
4500	5.724	5.666	5.678	5.685	6.009	5.859	5.666
4510	5.721	5.662	5.674	5.678	6.010	5.860	5.662
4520	5.718	5.658	5.671	5.671	6.010	5.860	5.658
4530	5.714	5.654	5.667	5.665	6.011	5.861	5.654
4540	5.711	5.650	5.664	5.658	6.012	5.862	5.650
4550	5.708	5.646	5.660	5.651	6.013	5.863	5.646
4560	5.705	5.642	5.657	5.644	6.014	5.864	5.642
4570	5.702	5.638	5.653	5.638	6.015	5.865	5.638
4580	5.699	5.634	5.650	5.631	6.016	5.866	5.631
4590	5.696	5.630	5.646	5.624	6.017	5.867	5.624
4600	5.693	5.626	5.643	5.618	6.018	5.868	5.618
4610	5.690	5.622	5.640	5.612	6.019	5.869	5.612
4620	5.687	5.618	5.636	5.606	6.020	5.870	5.606
4630	5.684	5.614	5.633	5.599	6.021	5.871	5.599
4640	5.681	5.610	5.629	5.593	6.023	5.873	5.593
4650	5.677	5.606	5.626	5.587	6.024	5.874	5.587
4660	5.674	5.603	5.622	5.581	6.026	5.876	5.581
4670	5.671	5.599	5.619	5.575	6.027	5.877	5.575
4680	5.668	5.595	5.615	5.569	6.028	5.878	5.569
4690	5.665	5.591	5.612	5.563	6.029	5.879	5.563
4700	5.662	5.587	5.608	5.558	6.031	5.881	5.558
4710	5.659	5.583	5.605	5.552	6.032	5.882	5.552
4720	5.656	5.579	5.602	5.546	6.033	5.883	5.546
4730	5.652	5.575	5.598	5.541	6.034	5.884	5.541
4740	5.649	5.572	5.595	5.535	6.036	5.886	5.535
4750	5.646	5.568	5.591	5.530	6.037	5.887	5.530
4760	5.643	5.564	5.588	5.525	6.039	5.889	5.525
4770	5.640	5.560	5.584	5.520	6.040	5.890	5.520
4780	5.636	5.556	5.581	5.514	6.041	5.891	5.514
4790	5.633	5.553	5.577	5.509	6.043	5.893	5.509
4800	5.630	5.549	5.574	5.504	6.044	5.894	5.504
4810	5.627	5.545	5.571	5.499	6.046	5.896	5.499
4820	5.624	5.541	5.567	5.494	6.048	5.898	5.494
4830	5.620	5.537	5.564	5.490	6.049	5.899	5.490
4840	5.617	5.534	5.560	5.485	6.051	5.901	5.485
4850	5.614	5.530	5.557	5.480	6.053	5.903	5.480
4860	5.611	5.526	5.553	5.475	6.054	5.904	5.475
4870	5.608	5.522	5.550	5.471	6.056	5.906	5.471
4880	5.605	5.519	5.546	5.466	6.057	5.907	5.466
4890	5.601	5.515	5.543	5.462	6.059	5.909	5.462
4900	5.598	5.511	5.540	5.458	6.061	5.911	5.458
4910	5.595	5.508	5.536	5.454	6.062	5.912	5.454
4920	5.592	5.504	5.533	5.450	6.064	5.914	5.450
4930	5.589	5.500	5.529	5.445	6.066	5.916	5.445
4940	5.585	5.496	5.526	5.441	6.067	5.917	5.441
4950	5.582	5.493	5.522	5.437	6.069	5.919	5.437
4960	5.579	5.489	5.519	5.433	6.071	5.921	5.433
4970	5.576	5.485	5.516	5.430	6.073	5.923	5.430
4980	5.572	5.482	5.512	5.426	6.075	5.925	5.426
4990	5.569	5.478	5.509	5.422	6.077	5.927	5.422
5000	5.566	5.474	5.505	5.418	6.079	5.929	5.418
5010	5.562	5.471	5.502	5.415	6.081	5.931	5.415
5020	5.559	5.467	5.498	5.411	6.082	5.932	5.411
5030	5.556	5.463	5.495	5.408	6.084	5.934	5.408
5040	5.552	5.460	5.491	5.404	6.086	5.936	5.404
5050	5.549	5.456	5.488	5.401	6.088	5.938	5.401
5060	5.546	5.453	5.484	5.398	6.090	5.940	5.398
5070	5.542	5.449	5.481	5.395	6.092	5.942	5.395
5080	5.539	5.445	5.477	5.392	6.094	5.944	5.392
5090	5.535	5.442	5.474	5.389	6.096	5.946	5.389
5100	5.532	5.438	5.470	5.386	6.098	5.948	5.386
5110	5.528	5.435	5.467	5.383	6.100	5.950	5.383
5120	5.525	5.431	5.463	5.380	6.102	5.952	5.380
5130	5.521	5.428	5.460	5.377	6.104	5.954	5.377
5140	5.518	5.424	5.456	5.374	6.106	5.956	5.374
5150	5.514	5.420	5.453	5.372	6.109	5.959	5.372
5160	5.511	5.417	5.449	5.369	6.111	5.961	5.369
5170	5.507	5.414	5.446	5.366	6.113	5.963	5.366
5180	5.504	5.411	5.443	5.364	6.115	5.965	5.364
5190	5.500	5.406	5.439	5.361	6.117	5.967	5.361
5200	5.497	5.403	5.435	5.358	6.119	5.969	5.358
5210	5.493	5.399	5.432	5.356	6.121	5.971	5.356
5220	5.490	5.396	5.428	5.354	6.124	5.974	5.354
5230	5.486	5.392	5.424	5.351	6.126	5.976	5.351
5240	5.482	5.389	5.421	5.349	6.128	5.978	5.349
5250	5.479	5.385	5.417	5.347	6.131	5.981	5.347
5260	5.475	5.383	5.414	5.346	6.133	5.983	5.346
5270	5.471	5.382	5.412	5.344	6.135	5.985	5.344
5280	5.468	5.379	5.408	5.342	6.137	5.987	5.342
5290	5.464	5.371	5.403	5.339	6.139	5.989	5.339
5300	5.460	5.367	5.399	5.338	6.142	5.992	5.338
5310	5.456	5.364	5.396	5.336	6.144	5.994	5.336
5320	5.453	5.360	5.392	5.334	6.147	5.997	5.334
5330	5.449	5.357	5.388	5.332	6.149	5.999	5.332
5340	5.445	5.353	5.385	5.331	6.152	6.002	5.331
5350	5.441	5.350	5.381	5.329	6.154	6.004	5.329
5360	5.438	5.346	5.377	5.326	6.156	6.006	5.326
5370	5.434	5.343	5.374	5.325	6.159	6.009	5.325
5380	5.430	5.339	5.370	5.324	6.161	6.011	5.324
5390	5.426	5.336	5.366	5.323	6.163	6.013	5.323
5400	5.422	5.332	5.362	5.320	6.166	6.016	5.320
5410	5.418	5.329	5.359	5.319	6.168	6.018	5.319
5420	5.414	5.325	5.355	5.319	6.171	6.021	5.319
5430	5.410	5.322	5.351	5.317	6.174	6.024	5.317
5440	5.406	5.318	5.347	5.316	6.176	6.026	5.316
5450	5.402	5.315	5.344	5.314	6.179	6.029	5.314
5460	5.398	5.311	5.340	5.312	6.181	6.031	5.311
5470	5.394	5.308	5.336	5.312	6.183	6.033	5.308
5480	5.390	5.304	5.332	5.311	6.184	6.034	5.304
5490	5.386	5.301	5.328	5.310	6.183	6.033	5.301
5500	5.382	5.297	5.325	5.309	6.182	6.032	5.297
5510	5.378	5.294	5.321	5.308	6.185	6.035	5.294
5520	5.374	5.290	5.317	5.307	6.182	6.032	5.290
5530	5.370	5.287	5.313	5.306	6.178	6.028	5.287
5540	5.366	5.283	5.309	5.305	6.173	6.023	5.283
5550	5.362	5.280	5.305	5.304	6.168	6.018	5.280
5560	5.357	5.276	5.301	5.303	6.162	6.012	5.276
5570	5.353	5.273	5.297	5.301	6.155	6.005	5.273
5580	5.349	5.269	5.294	5.301	6.148	5.998	5.269
5590	5.345	5.266	5.290	5.300	6.141	5.991	5.266
5600	5.341	5.262	5.286	5.298	6.133	5.983	5.262
5610	5.336	5.258	5.282	5.296	6.133	5.983	5.258
5620	5.332	5.255	5.278	5.297	6.125	5.975	5.255
5630	5.328	5.251	5.274	5.297	6.116	5.966	5.251
5640	5.323	5.248	5.270	5.296	6.107	5.957	5.248
5650	5.319	5.244	5.266	5.295	6.098	5.948	5.244
5660	5.315	5.241	5.262	5.293	6.088	5.938	5.241
5670	5.310	5.237	5.258	5.293	6.079	5.929	5.237
5680	5.306	5.234	5.254	5.294	6.068	5.918	5.234
5690	5.301	5.230	5.250	5.293	6.059	5.909	5.230
5700	5.297	5.227	5.246	5.290	6.048	5.898	5.227
5710	5.293	5.223	5.242	5.290	6.044	5.894	5.223
5720	5.288	5.219	5.237	5.291	6.035	5.885	5.219
5730	5.284	5.216	5.233	5.291	6.024	5.874	5.216
5740	5.279	5.212	5.229	5.290	6.014	5.864	5.212
5750	5.275	5.209	5.225	5.290	6.004	5.854	5.209
5760	5.270	5.205	5.221	5.288	5.994	5.844	5.205
5770	5.266	5.202	5.217	5.286	5.985	5.835	5.202
5780	5.261	5.198	5.213	5.288	5.974	5.824	5.198
5790	5.256	5.194	5.209	5.289	5.965	5.815	5.194
5800	5.252	5.191	5.204	5.288	5.955	5.805	5.191
5810	5.247	5.187	5.200	5.288	5.946	5.796	5.187
5820	5.243	5.184	5.196	5.288	5.936	5.786	5.184
5830	5.238	5.180	5.192	5.287	5.927	5.777	5.180
5840	5.233	5.176	5.188	5.287	5.918	5.768	5.176
5850	5.229	5.173	5.183	5.287	5.909	5.759	5.173
5860	5.224	5.169	5.179	5.286	5.898	5.748	5.169
5870	5.219	5.166	5.175	5.286	5.889	5.739	5.166
5880	5.214	5.162	5.171	5.286	5.879	5.729	5.162
5890	5.210	5.158	5.166	5.286	5.871	5.721	5.158
5900	5.205	5.155	5.162	5.286	5.860	5.710	5.155
5910	5.200	5.151	5.158	5.285	5.852	5.702	5.151
5920	5.195	5.147	5.153	5.285	5.841	5.691	5.147
5930	5.190	5.144	5.149	5.285	5.833	5.683	5.144
5940	5.186	5.140	5.145	5.285	5.824	5.674	5.140
5950	5.181	5.137	5.140	5.285	5.814	5.664	5.137
5960	5.176	5.133	5.136	5.285	5.805	5.655	5.133
5970	5.171	5.129	5.132	5.285	5.795	5.645	5.129
5980	5.166	5.126	5.127	5.284	5.787	5.637	5.126
5990	5.161	5.122	5.123	5.284	5.777	5.627	5.122
6000	5.156	5.118	5.118	5.284	5.768	5.618	5.118
6010	5.151	5.115	5.114	5.284	5.758	5.608	5.114
6020	5.146	5.111	5.110	5.284	5.749	5.599	5.110
6030	5.141	5.107	5.105	5.284	5.740	5.590	5.105
6040	5.136	5.104	5.101	5.284	5.730	5.580	5.101
6050	5.131	5.100	5.096	5.284	5.721	5.571	5.096
6060	5.126	5.096	5.092	5.284	5.711	5.561	5.092
6070	5.121	5.093	5.087	5.283	5.702	5.552	5.087
6080	5.116	5.089	5.083	5.283	5.692	5.542	5.083
6090	5.111	5.085	5.078	5.283	5.683	5.533	5.078
6100	5.106	5.081	5.074	5.283	5.672	5.522	5.074
6110	5.101	5.078	5.069	5.283	5.663	5.513	5.069
6120	5.096	5.074	5.065	5.283	5.654	5.504	5.065
6130	5.090	5.070	5.060	5.282	5.643	5.493	5.060
6140	5.085	5.067	5.056	5.282	5.634	5.484	5.056
6150	5.080	5.063	5.051	5.282	5.623	5.473	5.051
6160	5.075	5.059	5.047	5.282	5.614	5.464	5.047
6170	5.070	5.055	5.042	5.282	5.603	5.453	5.042
6180	5.065	5.052	5.038	5.282	5.602	5.452	5.038
6190	5.060	5.048	5.033	5.281	5.593	5.443	5.033
6200	5.055	5.044	5.029	5.281	5.583	5.433	5.029
6210	5.050	5.040	5.024	5.281	5.573	5.423	5.024
6220	5.044	5.037	5.020	5.280	5.563	5.413	5.020
6230	5.039	5.033	5.015	5.280	5.552	5.402	5.015
6240	5.034	5.029	5.011	5.278	5.543	5.393	5.011
6250	5.029	5.025	5.006	5.277	5.532	5.382	5.006
6260	5.024	5.021	5.001	5.277	5.522	5.372	5.001
6270	5.018	5.018	4.997	5.277	5.511	5.361	4.997
6280	5.014	5.014	4.992	5.276	5.502	5.352	4.992
6290	5.009	5.010	4.988	5.276	5.499	5.349	4.988
6300	5.003	5.006	4.983	5.275	5.490	5.340	4.983
6310	4.998	5.002	4.978	5.274	5.478	5.328	4.978
6320	4.993	4.999	4.974	5.274	5.469	5.319	4.974
6330	4.988	4.995	4.969	5.273	5.457	5.307	4.969
6340	4.982	4.991	4.965	5.273	5.448	5.298	4.965
6350	4.977	4.987	4.960	5.272	5.436	5.286	4.960
6360	4.972	4.983	4.955	5.271	5.426	5.276	4.955
6370	4.967	4.979	4.951	5.270	5.415	5.265	4.951
6380	4.962	4.976	4.946	5.270	5.401	5.251	4.946
6390	4.956	4.972	4.941	5.269	5.386	5.236	4.941
6400	4.951	4.968	4.937	5.268	5.373	5.223	4.937
6410	4.946	4.964	4.932	5.267	5.360	5.210	4.932
6420	4.941	4.960	4.928	5.266	5.349	5.199	4.928
6430	4.935	4.956	4.923	5.265	5.347	5.197	4.923
6440	4.930	4.952	4.918	5.264	5.337	5.187	4.918
6450	4.925	4.948	4.914	5.263	5.327	5.177	4.914
6460	4.920	4.945	4.909	5.262	5.318	5.168	4.909
6470	4.914	4.941	4.904	5.261	5.309	5.159	4.904
6480	4.909	4.937	4.900	5.259	5.313	5.163	4.900
6490	4.904	4.933	4.895	5.258	5.307	5.157	4.895
6500	4.899	4.929	4.890	5.257	5.281	5.131	4.890
6510	4.893	4.925	4.886	5.256	5.257	5.107	4.886

