
TANK 1_F_W__TK_(P)
0,10 0,00 8,80 8,80 52,50 6,50 0,05 187,50
0,15 0,05 13,20 13,20 52,50 6,50 0,08 187,50
0,20 0,10 17,60 17,60 52,50 6,50 0,10 187,50
0,25 0,15 22,00 22,00 52,50 6,50 0,13 187,50
0,30 0,20 26,50 26,50 52,50 6,50 0,15 187,50
0,35 0,25 30,90 30,90 52,50 6,50 0,17 187,50
0,40 0,30 35,30 35,30 52,50 6,50 0,20 187,50
0,45 0,35 39,70 39,70 52,50 6,50 0,23 187,50
0,50 0,40 44,10 44,10 52,50 6,50 0,25 187,50
0,55 0,45 48,50 48,50 52,50 6,50 0,28 187,50
0,60 0,50 52,90 52,90 52,50 6,50 0,30 187,50
0,65 0,55 57,30 57,30 52,50 6,50 0,32 187,50
0,70 0,60 61,70 61,70 52,50 6,50 0,35 187,50
0,75 0,65 66,20 66,20 52,50 6,50 0,38 187,50
0,80 0,70 70,60 70,60 52,50 6,50 0,40 187,50
0,85 0,75 75,00 75,00 52,50 6,50 0,43 187,50
0,90 0,80 79,40 79,40 52,50 6,50 0,45 187,50
0,95 0,85 83,80 83,80 52,50 6,50 0,47 187,50
1,00 0,90 88,20 88,20 52,50 6,50 0,50 187,50
1,05 0,95 92,60 92,60 52,50 6,50 0,53 187,50
1,10 1,00 97,00 97,00 52,50 6,50 0,55 187,50
1,15 1,05 101,40 101,40 52,50 6,50 0,58 187,50
1,20 1,10 105,80 105,80 52,50 6,50 0,60 187,50
1,25 1,15 110,30 110,30 52,50 6,50 0,63 187,50
1,30 1,20 114,70 114,70 52,50 6,50 0,65 187,50
1,35 1,25 119,10 119,10 52,50 6,50 0,68 187,50
1,40 1,30 123,50 123,50 52,50 6,50 0,70 187,50
1,45 1,35 127,90 127,90 52,50 6,50 0,73 187,50
1,50 1,40 132,30 132,30 52,50 6,50 0,75 187,50
1,55 1,45 136,70 136,70 52,50 6,50 0,77 187,50
1,60 1,50 141,10 141,10 52,50 6,50 0,80 187,50
1,65 1,55 145,50 145,50 52,50 6,50 0,82 187,50
1,70 1,60 149,90 149,90 52,50 6,50 0,85 187,50
1,75 1,65 154,40 154,40 52,50 6,50 0,88 187,50
1,80 1,70 158,80 158,80 52,50 6,50 0,90 187,50
1,85 1,75 163,20 163,20 52,50 6,50 0,92 187,50
1,90 1,80 167,60 167,60 52,50 6,50 0,95 187,50
1,95 1,85 172,00 172,00 52,50 6,50 0,98 187,50
2,00 1,90 176,40 176,40 52,50 6,50 1,00 0,00

TANK 1_F_W__TK_(S)
0,10 0,00 8,80 8,80 52,50 -6,50 0,05 187,50
0,15 0,05 13,20 13,20 52,50 -6,50 0,08 187,50
0,20 0,10 17,60 17,60 52,50 -6,50 0,10 187,50
0,25 0,15 22,00 22,00 52,50 -6,50 0,13 187,50
0,30 0,20 26,50 26,50 52,50 -6,50 0,15 187,50
0,35 0,25 30,90 30,90 52,50 -6,50 0,17 187,50
0,40 0,30 35,30 35,30 52,50 -6,50 0,20 187,50
0,45 0,35 39,70 39,70 52,50 -6,50 0,23 187,50
0,50 0,40 44,10 44,10 52,50 -6,50 0,25 187,50
0,55 0,45 48,50 48,50 52,50 -6,50 0,28 187,50
0,60 0,50 52,90 52,90 52,50 -6,50 0,30 187,50
0,65 0,55 57,30 57,30 52,50 -6,50 0,32 187,50
0,70 0,60 61,70 61,70 52,50 -6,50 0,35 187,50
0,75 0,65 66,20 66,20 52,50 -6,50 0,38 187,50
0,80 0,70 70,60 70,60 52,50 -6,50 0,40 187,50
0,85 0,75 75,00 75,00 52,50 -6,50 0,43 187,50
0,90 0,80 79,40 79,40 52,50 -6,50 0,45 187,50
0,95 0,85 83,80 83,80 52,50 -6,50 0,47 187,50
1,00 0,90 88,20 88,20 52,50 -6,50 0,50 187,50
1,05 0,95 92,60 92,60 52,50 -6,50 0,53 187,50
1,10 1,00 97,00 97,00 52,50 -6,50 0,55 187,50
1,15 1,05 101,40 101,40 52,50 -6,50 0,58 187,50
1,20 1,10 105,80 105,80 52,50 -6,50 0,60 187,50
1,25 1,15 110,30 110,30 52,50 -6,50 0,63 187,50
1,30 1,20 114,70 114,70 52,50 -6,50 0,65 187,50
1,35 1,25 119,10 119,10 52,50 -6,50 0,68 187,50
1,40 1,30 123,50 123,50 52,50 -6,50 0,70 187,50
1,45 1,35 127,90 127,90 52,50 -6,50 0,73 187,50
1,50 1,40 132,30 132,30 52,50 -6,50 0,75 187,50
1,55 1,45 136,70 136,70 52,50 -6,50 0,77 187,50
1,60 1,50 141,10 141,10 52,50 -6,50 0,80 187,50
1,65 1,55 145,50 145,50 52,50 -6,50 0,82 187,50
1,70 1,60 149,90 149,90 52,50 -6,50 0,85 187,50
1,75 1,65 154,40 154,40 52,50 -6,50 0,88 187,50
1,80 1,70 158,80 158,80 52,50 -6,50 0,90 187,50
1,85 1,75 163,20 163,20 52,50 -6,50 0,92 187,50
1,90 1,80 167,60 167,60 52,50 -6,50 0,95 187,50
1,95 1,85 172,00 172,00 52,50 -6,50 0,98 187,50
2,00 1,90 176,40 176,40 52,50 -6,50 1,00 0,00

TANK 1_POTABLE_F_W__TK_(P)
0,10 0,00 3,80 3,80 65,25 11,56 0,05 89,50
0,15 0,05 5,70 5,70 65,25 11,59 0,08 92,90
0,20 0,10 7,70 7,70 65,25 11,61 0,10 95,60
0,25 0,15 9,60 9,60 65,25 11,62 0,13 97,70
0,30 0,20 11,60 11,60 65,25 11,64 0,15 99,50
0,35 0,25 13,60 13,60 65,25 11,65 0,18 100,90
0,40 0,30 15,60 15,60 65,25 11,66 0,20 102,10
0,45 0,35 17,60 17,60 65,25 11,67 0,23 102,90
0,50 0,40 19,60 19,60 65,25 11,67 0,25 103,50
0,55 0,45 21,70 21,70 65,25 11,68 0,28 103,90
0,60 0,50 23,70 23,70 65,25 11,69 0,30 104,00
0,65 0,55 25,70 25,70 65,25 11,69 0,33 104,00
0,70 0,60 27,70 27,70 65,25 11,70 0,35 104,00
0,75 0,65 29,80 29,80 65,25 11,70 0,38 104,00
0,80 0,70 31,80 31,80 65,25 11,70 0,40 104,00
0,85 0,75 33,80 33,80 65,25 11,71 0,43 104,00
0,90 0,80 35,80 35,80 65,25 11,71 0,46 104,00
0,95 0,85 37,80 37,80 65,25 11,71 0,48 104,00
1,00 0,90 39,90 39,90 65,25 11,71 0,51 104,00
1,05 0,95 41,90 41,90 65,25 11,71 0,53 104,00
1,10 1,00 43,90 43,90 65,25 11,72 0,56 104,00
1,15 1,05 45,90 45,90 65,25 11,72 0,58 104,00
1,20 1,10 47,90 47,90 65,25 11,72 0,61 104,00
1,25 1,15 50,00 50,00 65,25 11,72 0,63 104,00
1,30 1,20 52,00 52,00 65,25 11,72 0,66 104,00
1,35 1,25 54,00 54,00 65,25 11,72 0,68 104,00
1,40 1,30 56,00 56,00 65,25 11,72 0,71 104,00
1,45 1,35 58,00 58,00 65,25 11,72 0,73 104,00
1,50 1,40 60,10 60,10 65,25 11,73 0,76 104,00
1,55 1,45 62,10 62,10 65,25 11,73 0,78 104,00
1,60 1,50 64,10 64,10 65,25 11,73 0,81 104,00
1,65 1,55 66,10 66,10 65,25 11,73 0,83 104,00
1,70 1,60 68,20 68,20 65,25 11,73 0,86 104,00
1,75 1,65 70,20 70,20 65,25 11,73 0,88 104,00
1,80 1,70 72,20 72,20 65,25 11,73 0,91 104,00
1,85 1,75 74,20 74,20 65,25 11,73 0,93 104,00
1,90 1,80 76,20 76,20 65,25 11,73 0,96 104,00
1,95 1,85 78,30 78,30 65,25 11,73 0,98 104,00
2,00 1,90 80,30 80,30 65,25 11,73 1,01 104,00
2,05 1,95 82,30 82,30 65,25 11,73 1,03 104,00
2,10 2,00 84,30 84,30 65,25 11,73 1,06 104,00
2,15 2,05 86,30 86,30 65,25 11,73 1,08 104,00
2,20 2,10 88,40 88,40 65,25 11,73 1,11 104,00
2,25 2,15 90,40 90,40 65,25 11,73 1,13 104,00
2,30 2,20 92,40 92,40 65,25 11,73 1,16 104,00
2,35 2,25 94,40 94,40 65,25 11,73 1,18 104,00
2,40 2,30 96,50 96,50 65,25 11,73 1,21 104,00
2,45 2,35 98,50 98,50 65,25 11,73 1,23 104,00
2,50 2,40 100,50 100,50 65,25 11,74 1,26 104,00
2,55 2,45 102,50 102,50 65,25 11,74 1,28 104,00
2,60 2,50 104,50 104,50 65,25 11,74 1,31 104,00
2,65 2,55 106,60 106,60 65,25 11,74 1,33 104,00
2,70 2,60 108,60 108,60 65,25 11,74 1,36 104,00
2,75 2,65 110,60 110,60 65,25 11,74 1,38 104,00
2,80 2,70 112,60 112,60 65,25 11,74 1,41 104,00
2,85 2,75 114,60 114,60 65,25 11,74 1,43 104,00
2,90 2,80 116,70 116,70 65,25 11,74 1,46 104,00
2,95 2,85 118,70 118,70 65,25 11,74 1,48 104,00
3,00 2,90 120,70 120,70 65,25 11,74 1,51 104,00
3,05 2,95 122,70 122,70 65,25 11,74 1,53 104,00
3,10 3,00 124,70 124,70 65,25 11,74 1,56 104,00
3,15 3,05 126,80 126,80 65,25 11,74 1,58 104,00
3,20 3,10 128,80 128,80 65,25 11,74 1,61 104,00
3,25 3,15 130,80 130,80 65,25 11,74 1,63 104,00
3,30 3,20 132,80 132,80 65,25 11,74 1,66 104,00
3,35 3,25 134,90 134,90 65,25 11,74 1,68 104,00
3,40 3,30 136,90 136,90 65,25 11,74 1,71 104,00
3,45 3,35 138,90 138,90 65,25 11,74 1,73 104,00
3,50 3,40 140,90 140,90 65,25 11,74 1,76 104,00
3,55 3,45 142,90 142,90 65,25 11,74 1,78 104,00
3,60 3,50 145,00 145,00 65,25 11,74 1,81 104,00
3,65 3,55 147,00 147,00 65,25 11,74 1,83 104,00
3,70 3,60 149,00 149,00 65,25 11,74 1,86 104,00
3,75 3,65 151,00 151,00 65,25 11,74 1,88 104,00
3,80 3,70 153,00 153,00 65,25 11,74 1,91 104,00
3,85 3,75 155,10 155,10 65,25 11,74 1,93 104,00
3,90 3,80 157,10 157,10 65,25 11,74 1,96 104,00
3,95 3,85 159,10 159,10 65,25 11,74 1,98 104,00
4,00 3,90 161,10 161,10 65,25 11,74 2,01 104,00
4,05 3,95 163,20 163,20 65,25 11,74 2,03 104,00
4,10 4,00 165,20 165,20 65,25 11,74 2,06 104,00
4,15 4,05 167,20 167,20 65,25 11,74 2,08 104,00
4,20 4,10 169,20 169,20 65,25 11,74 2,11 104,00
4,25 4,15 171,20 171,20 65,25 11,74 2,13 104,00
4,30 4,20 173,30 173,30 65,25 11,74 2,16 104,00
4,35 4,25 175,30 175,30 65,25 11,74 2,18 104,00
4,40 4,30 177,30 177,30 65,25 11,74 2,21 104,00
4,45 4,35 179,30 179,30 65,25 11,74 2,23 104,00
4,50 4,40 181,30 181,30 65,25 11,74 2,26 104,00
4,55 4,45 183,40 183,40 65,25 11,74 2,28 104,00
4,60 4,50 185,40 185,40 65,25 11,74 2,31 104,00
4,65 4,55 187,40 187,40 65,25 11,74 2,33 104,00
4,70 4,60 189,40 189,40 65,25 11,74 2,36 104,00
4,75 4,65 191,50 191,50 65,25 11,74 2,38 104,00
4,80 4,70 193,50 193,50 65,25 11,74 2,41 104,00
4,85 4,75 195,50 195,50 65,25 11,74 2,43 104,00
4,90 4,80 197,50 197,50 65,25 11,74 2,46 104,00
4,95 4,85 199,50 199,50 65,25 11,74 2,48 104,00
5,00 4,90 201,60 201,60 65,25 11,74 2,51 104,00
5,05 4,95 203,60 203,60 65,25 11,74 2,53 104,00
5,10 5,00 205,60 205,60 65,25 11,74 2,56 104,00
5,15 5,05 207,60 207,60 65,25 11,74 2,58 104,00
5,20 5,10 209,60 209,60 65,25 11,74 2,61 104,00
5,25 5,15 211,70 211,70 65,25 11,74 2,63 104,00
5,30 5,20 213,70 213,70 65,25 11,74 2,66 104,00
5,35 5,25 215,70 215,70 65,25 11,74 2,68 104,00
5,40 5,30 217,70 217,70 65,25 11,74 2,71 104,00
5,45 5,35 219,70 219,70 65,25 11,74 2,73 104,00
5,50 5,40 221,80 221,80 65,25 11,74 2,76 104,00
5,55 5,45 223,80 223,80 65,25 11,74 2,78 104,00
5,60 5,50 225,80 225,80 65,25 11,74 2,81 104,00
5,65 5,55 227,80 227,80 65,25 11,74 2,83 104,00
5,70 5,60 229,90 229,90 65,25 11,74 2,86 104,00
5,75 5,65 231,90 231,90 65,25 11,74 2,88 103,90
5,80 5,70 233,90 233,90 65,25 11,74 2,91 103,70
5,85 5,75 235,90 235,90 65,25 11,74 2,93 102,80
5,90 5,80 237,90 237,90 65,25 11,74 2,96 101,10
5,95 5,85 239,90 239,90 65,25 11,74 2,98 74,50
6,00 5,90 241,90 241,90 65,25 11,74 3,01 0,00

TANK 2_POTABLE_F_W__TK_(P)
0,10 0,00 4,40 4,40 66,00 6,50 0,05 93,80
0,15 0,05 6,60 6,60 66,00 6,50 0,08 93,80
0,20 0,10 8,80 8,80 66,00 6,50 0,10 93,80
0,25 0,15 11,00 11,00 66,00 6,50 0,13 93,80
0,30 0,20 13,20 13,20 66,00 6,50 0,15 93,80
0,35 0,25 15,40 15,40 66,00 6,50 0,17 93,80
0,40 0,30 17,60 17,60 66,00 6,50 0,20 93,80
0,45 0,35 19,80 19,80 66,00 6,50 0,23 93,80
0,50 0,40 22,00 22,00 66,00 6,50 0,25 93,80
0,55 0,45 24,30 24,30 66,00 6,50 0,28 93,80
0,60 0,50 26,50 26,50 66,00 6,50 0,30 93,80
0,65 0,55 28,70 28,70 66,00 6,50 0,32 93,80
0,70 0,60 30,90 30,90 66,00 6,50 0,35 93,80
0,75 0,65 33,10 33,10 66,00 6,50 0,38 93,80
0,80 0,70 35,30 35,30 66,00 6,50 0,40 93,80
0,85 0,75 37,50 37,50 66,00 6,50 0,43 93,80
0,90 0,80 39,70 39,70 66,00 6,50 0,45 93,80
0,95 0,85 41,90 41,90 66,00 6,50 0,47 93,80
1,00 0,90 44,10 44,10 66,00 6,50 0,50 93,80
1,05 0,95 46,30 46,30 66,00 6,50 0,53 93,70
1,10 1,00 48,50 48,50 66,00 6,50 0,55 93,70
1,15 1,05 50,70 50,70 66,00 6,50 0,57 93,70
1,20 1,10 52,90 52,90 66,00 6,50 0,60 93,70
1,25 1,15 55,10 55,10 66,00 6,50 0,63 93,70
1,30 1,20 57,30 57,30 66,00 6,50 0,65 93,70
1,35 1,25 59,50 59,50 66,00 6,50 0,68 93,70
1,40 1,30 61,70 61,70 66,00 6,50 0,70 93,70
1,45 1,35 63,90 63,90 66,00 6,50 0,73 93,70
1,50 1,40 66,10 66,10 66,00 6,50 0,75 93,70
1,55 1,45 68,40 68,40 66,00 6,50 0,77 93,70
1,60 1,50 70,60 70,60 66,00 6,50 0,80 93,70
1,65 1,55 72,80 72,80 66,00 6,50 0,82 93,70
1,70 1,60 75,00 75,00 66,00 6,50 0,85 93,70
1,75 1,65 77,20 77,20 66,00 6,50 0,88 93,70
1,80 1,70 79,40 79,40 66,00 6,50 0,90 93,70
1,85 1,75 81,60 81,60 66,00 6,50 0,93 93,70
1,90 1,80 83,80 83,80 66,00 6,50 0,95 93,70
1,95 1,85 86,00 86,00 66,00 6,50 0,98 93,70
2,00 1,90 88,20 88,20 66,00 6,50 1,00 0,00

TANK 3_F_W__TK_(P)
0,10 0,00 2,20 2,20 66,00 1,25 0,05 11,70
0,15 0,05 3,30 3,30 66,00 1,25 0,08 11,70
0,20 0,10 4,40 4,40 66,00 1,25 0,10 11,70
0,25 0,15 5,50 5,50 66,00 1,25 0,13 11,70
0,30 0,20 6,60 6,60 66,00 1,25 0,15 11,70
0,35 0,25 7,70 7,70 66,00 1,25 0,17 11,70
0,40 0,30 8,80 8,80 66,00 1,25 0,20 11,70
0,45 0,35 9,90 9,90 66,00 1,25 0,23 11,70
0,50 0,40 11,00 11,00 66,00 1,25 0,25 11,70
0,55 0,45 12,10 12,10 66,00 1,25 0,28 11,70
0,60 0,50 13,20 13,20 66,00 1,25 0,30 11,70
0,65 0,55 14,30 14,30 66,00 1,25 0,32 11,70
0,70 0,60 15,40 15,40 66,00 1,25 0,35 11,70
0,75 0,65 16,50 16,50 66,00 1,25 0,38 11,70
0,80 0,70 17,60 17,60 66,00 1,25 0,40 11,70
0,85 0,75 18,70 18,70 66,00 1,25 0,43 11,70
0,90 0,80 19,80 19,80 66,00 1,25 0,45 11,70
0,95 0,85 20,90 20,90 66,00 1,25 0,47 11,70
1,00 0,90 22,10 22,10 66,00 1,25 0,50 11,70
1,05 0,95 23,20 23,20 66,00 1,25 0,53 11,70
1,10 1,00 24,30 24,30 66,00 1,25 0,55 11,70
1,15 1,05 25,40 25,40 66,00 1,25 0,57 11,70
1,20 1,10 26,50 26,50 66,00 1,25 0,60 11,70
1,25 1,15 27,60 27,60 66,00 1,25 0,63 11,70
1,30 1,20 28,70 28,70 66,00 1,25 0,65 11,70
1,35 1,25 29,80 29,80 66,00 1,25 0,68 11,70
1,40 1,30 30,90 30,90 66,00 1,25 0,70 11,70
1,45 1,35 32,00 32,00 66,00 1,25 0,73 11,70
1,50 1,40 33,10 33,10 66,00 1,25 0,75 11,70
1,55 1,45 34,20 34,20 66,00 1,25 0,77 11,70
1,60 1,50 35,30 35,30 66,00 1,25 0,80 11,70
1,65 1,55 36,40 36,40 66,00 1,25 0,82 11,70
1,70 1,60 37,50 37,50 66,00 1,25 0,85 11,70
1,75 1,65 38,60 38,60 66,00 1,25 0,88 11,70
1,80 1,70 39,70 39,70 66,00 1,25 0,90 11,70
1,85 1,75 40,80 40,80 66,00 1,25 0,93 11,70
1,90 1,80 41,90 41,90 66,00 1,25 0,95 11,70
1,95 1,85 43,00 43,00 66,00 1,25 0,98 11,70
2,00 1,90 44,10 44,10 66,00 1,25 1,00 0,00

TANK 3_F_W__TK_(S)
0,10 0,00 2,20 2,20 66,00 -1,25 0,05 11,70
0,15 0,05 3,30 3,30 66,00 -1,25 0,08 11,70
0,20 0,10 4,40 4,40 66,00 -1,25 0,10 11,70
0,25 0,15 5,50 5,50 66,00 -1,25 0,13 11,70
0,30 0,20 6,60 6,60 66,00 -1,25 0,15 11,70
0,35 0,25 7,70 7,70 66,00 -1,25 0,17 11,70
0,40 0,30 8,80 8,80 66,00 -1,25 0,20 11,70
0,45 0,35 9,90 9,90 66,00 -1,25 0,23 11,70
0,50 0,40 11,00 11,00 66,00 -1,25 0,25 11,70
0,55 0,45 12,10 12,10 66,00 -1,25 0,28 11,70
0,60 0,50 13,20 13,20 66,00 -1,25 0,30 11,70
0,65 0,55 14,30 14,30 66,00 -1,25 0,32 11,70
0,70 0,60 15,40 15,40 66,00 -1,25 0,35 11,70
0,75 0,65 16,50 16,50 66,00 -1,25 0,38 11,70
0,80 0,70 17,60 17,60 66,00 -1,25 0,40 11,70
0,85 0,75 18,70 18,70 66,00 -1,25 0,43 11,70
0,90 0,80 19,80 19,80 66,00 -1,25 0,45 11,70
0,95 0,85 20,90 20,90 66,00 -1,25 0,47 11,70
1,00 0,90 22,10 22,10 66,00 -1,25 0,50 11,70
1,05 0,95 23,20 23,20 66,00 -1,25 0,53 11,70
1,10 1,00 24,30 24,30 66,00 -1,25 0,55 11,70
1,15 1,05 25,40 25,40 66,00 -1,25 0,57 11,70
1,20 1,10 26,50 26,50 66,00 -1,25 0,60 11,70
1,25 1,15 27,60 27,60 66,00 -1,25 0,63 11,70
1,30 1,20 28,70 28,70 66,00 -1,25 0,65 11,70
1,35 1,25 29,80 29,80 66,00 -1,25 0,68 11,70
1,40 1,30 30,90 30,90 66,00 -1,25 0,70 11,70
1,45 1,35 32,00 32,00 66,00 -1,25 0,73 11,70
1,50 1,40 33,10 33,10 66,00 -1,25 0,75 11,70
1,55 1,45 34,20 34,20 66,00 -1,25 0,77 11,70
1,60 1,50 35,30 35,30 66,00 -1,25 0,80 11,70
1,65 1,55 36,40 36,40 66,00 -1,25 0,82 11,70
1,70 1,60 37,50 37,50 66,00 -1,25 0,85 11,70
1,75 1,65 38,60 38,60 66,00 -1,25 0,88 11,70
1,80 1,70 39,70 39,70 66,00 -1,25 0,90 11,70
1,85 1,75 40,80 40,80 66,00 -1,25 0,93 11,70
1,90 1,80 41,90 41,90 66,00 -1,25 0,95 11,70
1,95 1,85 43,00 43,00 66,00 -1,25 0,98 11,70
2,00 1,90 44,10 44,10 66,00 -1,25 1,00 0,00

TANK 2_F_W__TK_(S)
0,10 0,00 4,40 4,40 66,00 -6,50 0,05 93,80
0,15 0,05 6,60 6,60 66,00 -6,50 0,08 93,80
0,20 0,10 8,80 8,80 66,00 -6,50 0,10 93,80
0,25 0,15 11,00 11,00 66,00 -6,50 0,13 93,80
0,30 0,20 13,20 13,20 66,00 -6,50 0,15 93,80
0,35 0,25 15,40 15,40 66,00 -6,50 0,17 93,80
0,40 0,30 17,60 17,60 66,00 -6,50 0,20 93,80
0,45 0,35 19,80 19,80 66,00 -6,50 0,23 93,80
0,50 0,40 22,00 22,00 66,00 -6,50 0,25 93,80
0,55 0,45 24,30 24,30 66,00 -6,50 0,28 93,80
0,60 0,50 26,50 26,50 66,00 -6,50 0,30 93,80
0,65 0,55 28,70 28,70 66,00 -6,50 0,32 93,80
0,70 0,60 30,90 30,90 66,00 -6,50 0,35 93,80
0,75 0,65 33,10 33,10 66,00 -6,50 0,38 93,80
0,80 0,70 35,30 35,30 66,00 -6,50 0,40 93,80
0,85 0,75 37,50 37,50 66,00 -6,50 0,43 93,80
0,90 0,80 39,70 39,70 66,00 -6,50 0,45 93,80
0,95 0,85 41,90 41,90 66,00 -6,50 0,47 93,80
1,00 0,90 44,10 44,10 66,00 -6,50 0,50 93,80
1,05 0,95 46,30 46,30 66,00 -6,50 0,53 93,70
1,10 1,00 48,50 48,50 66,00 -6,50 0,55 93,70
1,15 1,05 50,70 50,70 66,00 -6,50 0,57 93,70
1,20 1,10 52,90 52,90 66,00 -6,50 0,60 93,70
1,25 1,15 55,10 55,10 66,00 -6,50 0,63 93,70
1,30 1,20 57,30 57,30 66,00 -6,50 0,65 93,70
1,35 1,25 59,50 59,50 66,00 -6,50 0,68 93,70
1,40 1,30 61,70 61,70 66,00 -6,50 0,70 93,70
1,45 1,35 63,90 63,90 66,00 -6,50 0,73 93,70
1,50 1,40 66,10 66,10 66,00 -6,50 0,75 93,70
1,55 1,45 68,40 68,40 66,00 -6,50 0,77 93,70
1,60 1,50 70,60 70,60 66,00 -6,50 0,80 93,70
1,65 1,55 72,80 72,80 66,00 -6,50 0,82 93,70
1,70 1,60 75,00 75,00 66,00 -6,50 0,85 93,70
1,75 1,65 77,20 77,20 66,00 -6,50 0,88 93,70
1,80 1,70 79,40 79,40 66,00 -6,50 0,90 93,70
1,85 1,75 81,60 81,60 66,00 -6,50 0,93 93,70
1,90 1,80 83,80 83,80 66,00 -6,50 0,95 93,70
1,95 1,85 86,00 86,00 66,00 -6,50 0,98 93,70
2,00 1,90 88,20 88,20 66,00 -6,50 1,00 0,00

TANK 4_F_W__TK_(S)
0,10 0,00 3,80 3,80 65,25 -11,56 0,05 89,50
0,15 0,05 5,70 5,70 65,25 -11,59 0,08 92,90
0,20 0,10 7,70 7,70 65,25 -11,61 0,10 95,60
0,25 0,15 9,60 9,60 65,25 -11,62 0,13 97,70
0,30 0,20 11,60 11,60 65,25 -11,64 0,15 99,50
0,35 0,25 13,60 13,60 65,25 -11,65 0,18 100,90
0,40 0,30 15,60 15,60 65,25 -11,66 0,20 102,10
0,45 0,35 17,60 17,60 65,25 -11,67 0,23 102,90
0,50 0,40 19,60 19,60 65,25 -11,67 0,25 103,50
0,55 0,45 21,70 21,70 65,25 -11,68 0,28 103,90
0,60 0,50 23,70 23,70 65,25 -11,69 0,30 104,00
0,65 0,55 25,70 25,70 65,25 -11,69 0,33 104,00
0,70 0,60 27,70 27,70 65,25 -11,70 0,35 104,00
0,75 0,65 29,80 29,80 65,25 -11,70 0,38 104,00
0,80 0,70 31,80 31,80 65,25 -11,70 0,40 104,00
0,85 0,75 33,80 33,80 65,25 -11,71 0,43 104,00
0,90 0,80 35,80 35,80 65,25 -11,71 0,46 104,00
0,95 0,85 37,80 37,80 65,25 -11,71 0,48 104,00
1,00 0,90 39,90 39,90 65,25 -11,71 0,51 104,00
1,05 0,95 41,90 41,90 65,25 -11,71 0,53 104,00
1,10 1,00 43,90 43,90 65,25 -11,72 0,56 104,00
1,15 1,05 45,90 45,90 65,25 -11,72 0,58 104,00
1,20 1,10 47,90 47,90 65,25 -11,72 0,61 104,00
1,25 1,15 50,00 50,00 65,25 -11,72 0,63 104,00
1,30 1,20 52,00 52,00 65,25 -11,72 0,66 104,00
1,35 1,25 54,00 54,00 65,25 -11,72 0,68 104,00
1,40 1,30 56,00 56,00 65,25 -11,72 0,71 104,00
1,45 1,35 58,00 58,00 65,25 -11,72 0,73 104,00
1,50 1,40 60,10 60,10 65,25 -11,73 0,76 104,00
1,55 1,45 62,10 62,10 65,25 -11,73 0,78 104,00
1,60 1,50 64,10 64,10 65,25 -11,73 0,81 104,00
1,65 1,55 66,10 66,10 65,25 -11,73 0,83 104,00
1,70 1,60 68,20 68,20 65,25 -11,73 0,86 104,00
1,75 1,65 70,20 70,20 65,25 -11,73 0,88 104,00
1,80 1,70 72,20 72,20 65,25 -11,73 0,91 104,00
1,85 1,75 74,20 74,20 65,25 -11,73 0,93 104,00
1,90 1,80 76,20 76,20 65,25 -11,73 0,96 104,00
1,95 1,85 78,30 78,30 65,25 -11,73 0,98 104,00
2,00 1,90 80,30 80,30 65,25 -11,73 1,01 104,00
2,05 1,95 82,30 82,30 65,25 -11,73 1,03 104,00
2,10 2,00 84,30 84,30 65,25 -11,73 1,06 104,00
2,15 2,05 86,30 86,30 65,25 -11,73 1,08 104,00
2,20 2,10 88,40 88,40 65,25 -11,73 1,11 104,00
2,25 2,15 90,40 90,40 65,25 -11,73 1,13 104,00
2,30 2,20 92,40 92,40 65,25 -11,73 1,16 104,00
2,35 2,25 94,40 94,40 65,25 -11,73 1,18 104,00
2,40 2,30 96,50 96,50 65,25 -11,73 1,21 104,00
2,45 2,35 98,50 98,50 65,25 -11,73 1,23 104,00
2,50 2,40 100,50 100,50 65,25 -11,74 1,26 104,00
2,55 2,45 102,50 102,50 65,25 -11,74 1,28 104,00
2,60 2,50 104,50 104,50 65,25 -11,74 1,31 104,00
2,65 2,55 106,60 106,60 65,25 -11,74 1,33 104,00
2,70 2,60 108,60 108,60 65,25 -11,74 1,36 104,00
2,75 2,65 110,60 110,60 65,25 -11,74 1,38 104,00
2,80 2,70 112,60 112,60 65,25 -11,74 1,41 104,00
2,85 2,75 114,60 114,60 65,25 -11,74 1,43 104,00
2,90 2,80 116,70 116,70 65,25 -11,74 1,46 104,00
2,95 2,85 118,70 118,70 65,25 -11,74 1,48 104,00
3,00 2,90 120,70 120,70 65,25 -11,74 1,51 104,00
3,05 2,95 122,70 122,70 65,25 -11,74 1,53 104,00
3,10 3,00 124,70 124,70 65,25 -11,74 1,56 104,00
3,15 3,05 126,80 126,80 65,25 -11,74 1,58 104,00
3,20 3,10 128,80 128,80 65,25 -11,74 1,61 104,00
3,25 3,15 130,80 130,80 65,25 -11,74 1,63 104,00
3,30 3,20 132,80 132,80 65,25 -11,74 1,66 104,00
3,35 3,25 134,90 134,90 65,25 -11,74 1,68 104,00
3,40 3,30 136,90 136,90 65,25 -11,74 1,71 104,00
3,45 3,35 138,90 138,90 65,25 -11,74 1,73 104,00
3,50 3,40 140,90 140,90 65,25 -11,74 1,76 104,00
3,55 3,45 142,90 142,90 65,25 -11,74 1,78 104,00
3,60 3,50 145,00 145,00 65,25 -11,74 1,81 104,00
3,65 3,55 147,00 147,00 65,25 -11,74 1,83 104,00
3,70 3,60 149,00 149,00 65,25 -11,74 1,86 104,00
3,75 3,65 151,00 151,00 65,25 -11,74 1,88 104,00
3,80 3,70 153,00 153,00 65,25 -11,74 1,91 104,00
3,85 3,75 155,10 155,10 65,25 -11,74 1,93 104,00
3,90 3,80 157,10 157,10 65,25 -11,74 1,96 104,00
3,95 3,85 159,10 159,10 65,25 -11,74 1,98 104,00
4,00 3,90 161,10 161,10 65,25 -11,74 2,01 104,00
4,05 3,95 163,20 163,20 65,25 -11,74 2,03 104,00
4,10 4,00 165,20 165,20 65,25 -11,74 2,06 104,00
4,15 4,05 167,20 167,20 65,25 -11,74 2,08 104,00
4,20 4,10 169,20 169,20 65,25 -11,74 2,11 104,00
4,25 4,15 171,20 171,20 65,25 -11,74 2,13 104,00
4,30 4,20 173,30 173,30 65,25 -11,74 2,16 104,00
4,35 4,25 175,30 175,30 65,25 -11,74 2,18 104,00
4,40 4,30 177,30 177,30 65,25 -11,74 2,21 104,00
4,45 4,35 179,30 179,30 65,25 -11,74 2,23 104,00
4,50 4,40 181,30 181,30 65,25 -11,74 2,26 104,00
4,55 4,45 183,40 183,40 65,25 -11,74 2,28 104,00
4,60 4,50 185,40 185,40 65,25 -11,74 2,31 104,00
4,65 4,55 187,40 187,40 65,25 -11,74 2,33 104,00
4,70 4,60 189,40 189,40 65,25 -11,74 2,36 104,00
4,75 4,65 191,50 191,50 65,25 -11,74 2,38 104,00
4,80 4,70 193,50 193,50 65,25 -11,74 2,41 104,00
4,85 4,75 195,50 195,50 65,25 -11,74 2,43 104,00
4,90 4,80 197,50 197,50 65,25 -11,74 2,46 104,00
4,95 4,85 199,50 199,50 65,25 -11,74 2,48 104,00
5,00 4,90 201,60 201,60 65,25 -11,74 2,51 104,00
5,05 4,95 203,60 203,60 65,25 -11,74 2,53 104,00
5,10 5,00 205,60 205,60 65,25 -11,74 2,56 104,00
5,15 5,05 207,60 207,60 65,25 -11,74 2,58 104,00
5,20 5,10 209,60 209,60 65,25 -11,74 2,61 104,00
5,25 5,15 211,70 211,70 65,25 -11,74 2,63 104,00
5,30 5,20 213,70 213,70 65,25 -11,74 2,66 104,00
5,35 5,25 215,70 215,70 65,25 -11,74 2,68 104,00
5,40 5,30 217,70 217,70 65,25 -11,74 2,71 104,00
5,45 5,35 219,70 219,70 65,25 -11,74 2,73 104,00
5,50 5,40 221,80 221,80 65,25 -11,74 2,76 104,00
5,55 5,45 223,80 223,80 65,25 -11,74 2,78 104,00
5,60 5,50 225,80 225,80 65,25 -11,74 2,81 104,00
5,65 5,55 227,80 227,80 65,25 -11,74 2,83 104,00
5,70 5,60 229,90 229,90 65,25 -11,74 2,86 104,00
5,75 5,65 231,90 231,90 65,25 -11,74 2,88 103,90
5,80 5,70 233,90 233,90 65,25 -11,74 2,91 103,70
5,85 5,75 235,90 235,90 65,25 -11,74 2,93 102,80
5,90 5,80 237,90 237,90 65,25 -11,74 2,96 101,10
5,95 5,85 239,90 239,90 65,25 -11,74 2,98 74,50
6,00 5,90 241,90 241,90 65,25 -11,74 3,01 0,00

TANK 1_F_O__TK_(P)
0,10 0,00 7,40 6,29 24,00 6,50 0,05 156,30
0,15 0,05 11,00 9,35 24,00 6,50 0,08 156,30
0,20 0,10 14,70 12,50 24,00 6,50 0,10 156,30
0,25 0,15 18,40 15,64 24,00 6,50 0,13 156,30
0,30 0,20 22,10 18,79 24,00 6,50 0,15 156,30
0,35 0,25 25,70 21,85 24,00 6,50 0,17 156,30
0,40 0,30 29,40 24,99 24,00 6,50 0,20 156,30
0,45 0,35 33,10 28,14 24,00 6,50 0,23 156,30
0,50 0,40 36,70 31,20 24,00 6,50 0,25 156,30
0,55 0,45 40,40 34,34 24,00 6,50 0,28 156,30
0,60 0,50 44,10 37,49 24,00 6,50 0,30 156,30
0,65 0,55 47,80 40,63 24,00 6,50 0,32 156,30
0,70 0,60 51,50 43,78 24,00 6,50 0,35 156,30
0,75 0,65 55,10 46,84 24,00 6,50 0,38 156,30
0,80 0,70 58,80 49,98 24,00 6,50 0,40 156,30
0,85 0,75 62,50 53,13 24,00 6,50 0,43 156,30
0,90 0,80 66,20 56,27 24,00 6,50 0,45 156,30
0,95 0,85 69,80 59,33 24,00 6,50 0,47 156,30
1,00 0,90 73,50 62,48 24,00 6,50 0,50 156,30
1,05 0,95 77,20 65,62 24,00 6,50 0,53 156,20
1,10 1,00 80,80 68,68 24,00 6,50 0,55 156,20
1,15 1,05 84,50 71,83 24,00 6,50 0,57 156,20
1,20 1,10 88,20 74,97 24,00 6,50 0,60 156,20
1,25 1,15 91,90 78,12 24,00 6,50 0,63 156,20
1,30 1,20 95,50 81,18 24,00 6,50 0,65 156,20
1,35 1,25 99,20 84,32 24,00 6,50 0,67 156,20
1,40 1,30 102,90 87,47 24,00 6,50 0,70 156,20
1,45 1,35 106,60 90,61 24,00 6,50 0,73 156,20
1,50 1,40 110,20 93,67 24,00 6,50 0,75 156,20
1,55 1,45 113,90 96,82 24,00 6,50 0,77 156,20
1,60 1,50 117,60 99,96 24,00 6,50 0,80 156,20
1,65 1,55 121,30 103,11 24,00 6,50 0,82 156,20
1,70 1,60 125,00 106,25 24,00 6,50 0,85 156,20
1,75 1,65 128,60 109,31 24,00 6,50 0,88 156,20
1,80 1,70 132,30 112,46 24,00 6,50 0,90 156,20
1,85 1,75 136,00 115,60 24,00 6,50 0,93 156,20
1,90 1,80 139,60 118,66 24,00 6,50 0,95 156,20
1,95 1,85 143,30 121,81 24,00 6,50 0,98 156,20
2,00 1,90 147,00 124,95 24,00 6,50 1,00 0,00

TANK 1_F_O__TK_(S)
0,10 0,00 7,40 6,29 24,00 -6,50 0,05 156,30
0,15 0,05 11,00 9,35 24,00 -6,50 0,08 156,30
0,20 0,10 14,70 12,50 24,00 -6,50 0,10 156,30
0,25 0,15 18,40 15,64 24,00 -6,50 0,13 156,30
0,30 0,20 22,10 18,79 24,00 -6,50 0,15 156,30
0,35 0,25 25,70 21,85 24,00 -6,50 0,17 156,30
0,40 0,30 29,40 24,99 24,00 -6,50 0,20 156,30
0,45 0,35 33,10 28,14 24,00 -6,50 0,23 156,30
0,50 0,40 36,70 31,20 24,00 -6,50 0,25 156,30
0,55 0,45 40,40 34,34 24,00 -6,50 0,28 156,30
0,60 0,50 44,10 37,49 24,00 -6,50 0,30 156,30
0,65 0,55 47,80 40,63 24,00 -6,50 0,32 156,30
0,70 0,60 51,50 43,78 24,00 -6,50 0,35 156,30
0,75 0,65 55,10 46,84 24,00 -6,50 0,38 156,30
0,80 0,70 58,80 49,98 24,00 -6,50 0,40 156,30
0,85 0,75 62,50 53,13 24,00 -6,50 0,43 156,30
0,90 0,80 66,20 56,27 24,00 -6,50 0,45 156,30
0,95 0,85 69,80 59,33 24,00 -6,50 0,47 156,30
1,00 0,90 73,50 62,48 24,00 -6,50 0,50 156,30
1,05 0,95 77,20 65,62 24,00 -6,50 0,53 156,20
1,10 1,00 80,80 68,68 24,00 -6,50 0,55 156,20
1,15 1,05 84,50 71,83 24,00 -6,50 0,57 156,20
1,20 1,10 88,20 74,97 24,00 -6,50 0,60 156,20
1,25 1,15 91,90 78,12 24,00 -6,50 0,63 156,20
1,30 1,20 95,50 81,18 24,00 -6,50 0,65 156,20
1,35 1,25 99,20 84,32 24,00 -6,50 0,67 156,20
1,40 1,30 102,90 87,47 24,00 -6,50 0,70 156,20
1,45 1,35 106,60 90,61 24,00 -6,50 0,73 156,20
1,50 1,40 110,20 93,67 24,00 -6,50 0,75 156,20
1,55 1,45 113,90 96,82 24,00 -6,50 0,77 156,20
1,60 1,50 117,60 99,96 24,00 -6,50 0,80 156,20
1,65 1,55 121,30 103,11 24,00 -6,50 0,82 156,20
1,70 1,60 125,00 106,25 24,00 -6,50 0,85 156,20
1,75 1,65 128,60 109,31 24,00 -6,50 0,88 156,20
1,80 1,70 132,30 112,46 24,00 -6,50 0,90 156,20
1,85 1,75 136,00 115,60 24,00 -6,50 0,93 156,20
1,90 1,80 139,60 118,66 24,00 -6,50 0,95 156,20
1,95 1,85 143,30 121,81 24,00 -6,50 0,98 156,20
2,00 1,90 147,00 124,95 24,00 -6,50 1,00 0,00

TANK 2_F_O__TK_(P)
0,10 0,00 3,00 2,55 73,50 11,56 0,05 71,60
0,15 0,05 4,60 3,91 73,50 11,58 0,08 74,30
0,20 0,10 6,10 5,19 73,50 11,60 0,10 76,40
0,25 0,15 7,70 6,55 73,50 11,62 0,13 78,20
0,30 0,20 9,30 7,91 73,50 11,63 0,15 79,60
0,35 0,25 10,90 9,27 73,50 11,65 0,18 80,70
0,40 0,30 12,50 10,63 73,50 11,66 0,20 81,60
0,45 0,35 14,10 11,99 73,50 11,67 0,23 82,30
0,50 0,40 15,70 13,35 73,50 11,67 0,25 82,80
0,55 0,45 17,30 14,71 73,50 11,68 0,28 83,10
0,60 0,50 18,90 16,07 73,50 11,69 0,30 83,20
0,65 0,55 20,60 17,51 73,50 11,69 0,33 83,20
0,70 0,60 22,20 18,87 73,50 11,70 0,35 83,20
0,75 0,65 23,80 20,23 73,50 11,70 0,38 83,20
0,80 0,70 25,40 21,59 73,50 11,70 0,40 83,20
0,85 0,75 27,00 22,95 73,50 11,71 0,43 83,20
0,90 0,80 28,60 24,31 73,50 11,71 0,46 83,20
0,95 0,85 30,30 25,76 73,50 11,71 0,48 83,20
1,00 0,90 31,90 27,12 73,50 11,71 0,51 83,20
1,05 0,95 33,50 28,48 73,50 11,71 0,53 83,20
1,10 1,00 35,10 29,84 73,50 11,72 0,56 83,20
1,15 1,05 36,70 31,20 73,50 11,72 0,58 83,20
1,20 1,10 38,40 32,64 73,50 11,72 0,61 83,20
1,25 1,15 40,00 34,00 73,50 11,72 0,63 83,20
1,30 1,20 41,60 35,36 73,50 11,72 0,66 83,20
1,35 1,25 43,20 36,72 73,50 11,72 0,68 83,20
1,40 1,30 44,80 38,08 73,50 11,72 0,71 83,20
1,45 1,35 46,40 39,44 73,50 11,72 0,73 83,20
1,50 1,40 48,10 40,89 73,50 11,73 0,76 83,20
1,55 1,45 49,70 42,25 73,50 11,73 0,78 83,20
1,60 1,50 51,30 43,61 73,50 11,73 0,81 83,20
1,65 1,55 52,90 44,97 73,50 11,73 0,83 83,20
1,70 1,60 54,50 46,33 73,50 11,73 0,86 83,20
1,75 1,65 56,10 47,69 73,50 11,73 0,88 83,20
1,80 1,70 57,80 49,13 73,50 11,73 0,91 83,20
1,85 1,75 59,40 50,49 73,50 11,73 0,93 83,20
1,90 1,80 61,00 51,85 73,50 11,73 0,96 83,20
1,95 1,85 62,60 53,21 73,50 11,73 0,98 83,20
2,00 1,90 64,20 54,57 73,50 11,73 1,01 83,20
2,05 1,95 65,80 55,93 73,50 11,73 1,03 83,20
2,10 2,00 67,50 57,38 73,50 11,73 1,06 83,20
2,15 2,05 69,10 58,74 73,50 11,73 1,08 83,20
2,20 2,10 70,70 60,10 73,50 11,73 1,11 83,20
2,25 2,15 72,30 61,46 73,50 11,73 1,13 83,20
2,30 2,20 73,90 62,82 73,50 11,73 1,16 83,20
2,35 2,25 75,50 64,18 73,50 11,73 1,18 83,20
2,40 2,30 77,20 65,62 73,50 11,73 1,21 83,20
2,45 2,35 78,80 66,98 73,50 11,73 1,23 83,20
2,50 2,40 80,40 68,34 73,50 11,74 1,26 83,20
2,55 2,45 82,00 69,70 73,50 11,74 1,28 83,20
2,60 2,50 83,60 71,06 73,50 11,74 1,31 83,20
2,65 2,55 85,20 72,42 73,50 11,74 1,33 83,20
2,70 2,60 86,90 73,87 73,50 11,74 1,36 83,20
2,75 2,65 88,50 75,23 73,50 11,74 1,38 83,20
2,80 2,70 90,10 76,59 73,50 11,74 1,41 83,20
2,85 2,75 91,70 77,95 73,50 11,74 1,43 83,20
2,90 2,80 93,30 79,31 73,50 11,74 1,46 83,20
2,95 2,85 94,90 80,67 73,50 11,74 1,48 83,20
3,00 2,90 96,60 82,11 73,50 11,74 1,51 83,20
3,05 2,95 98,20 83,47 73,50 11,74 1,53 83,20
3,10 3,00 99,80 84,83 73,50 11,74 1,56 83,20
3,15 3,05 101,40 86,19 73,50 11,74 1,58 83,20
3,20 3,10 103,00 87,55 73,50 11,74 1,61 83,20
3,25 3,15 104,60 88,91 73,50 11,74 1,63 83,20
3,30 3,20 106,30 90,36 73,50 11,74 1,66 83,20
3,35 3,25 107,90 91,72 73,50 11,74 1,68 83,20
3,40 3,30 109,50 93,08 73,50 11,74 1,71 83,20
3,45 3,35 111,10 94,44 73,50 11,74 1,73 83,20
3,50 3,40 112,70 95,80 73,50 11,74 1,76 83,20
3,55 3,45 114,30 97,16 73,50 11,74 1,78 83,20
3,60 3,50 116,00 98,60 73,50 11,74 1,81 83,20
3,65 3,55 117,60 99,96 73,50 11,74 1,83 83,20
3,70 3,60 119,20 101,32 73,50 11,74 1,86 83,20
3,75 3,65 120,80 102,68 73,50 11,74 1,88 83,20
3,80 3,70 122,40 104,04 73,50 11,74 1,91 83,20
3,85 3,75 124,10 105,49 73,50 11,74 1,93 83,20
3,90 3,80 125,70 106,85 73,50 11,74 1,96 83,20
3,95 3,85 127,30 108,21 73,50 11,74 1,98 83,20
4,00 3,90 128,90 109,57 73,50 11,74 2,01 83,20
4,05 3,95 130,50 110,93 73,50 11,74 2,03 83,20
4,10 4,00 132,10 112,29 73,50 11,74 2,06 83,20
4,15 4,05 133,80 113,73 73,50 11,74 2,08 83,20
4,20 4,10 135,40 115,09 73,50 11,74 2,11 83,20
4,25 4,15 137,00 116,45 73,50 11,74 2,13 83,20
4,30 4,20 138,60 117,81 73,50 11,74 2,16 83,20
4,35 4,25 140,20 119,17 73,50 11,74 2,18 83,20
4,40 4,30 141,80 120,53 73,50 11,74 2,21 83,20
4,45 4,35 143,50 121,98 73,50 11,74 2,23 83,20
4,50 4,40 145,10 123,34 73,50 11,74 2,26 83,20
4,55 4,45 146,70 124,70 73,50 11,74 2,28 83,20
4,60 4,50 148,30 126,06 73,50 11,74 2,31 83,20
4,65 4,55 149,90 127,42 73,50 11,74 2,33 83,20
4,70 4,60 151,50 128,78 73,50 11,74 2,36 83,20
4,75 4,65 153,20 130,22 73,50 11,74 2,38 83,20
4,80 4,70 154,80 131,58 73,50 11,74 2,41 83,20
4,85 4,75 156,40 132,94 73,50 11,74 2,43 83,20
4,90 4,80 158,00 134,30 73,50 11,74 2,46 83,20
4,95 4,85 159,60 135,66 73,50 11,74 2,48 83,20
5,00 4,90 161,20 137,02 73,50 11,74 2,51 83,20
5,05 4,95 162,90 138,47 73,50 11,74 2,53 83,20
5,10 5,00 164,50 139,83 73,50 11,74 2,56 83,20
5,15 5,05 166,10 141,19 73,50 11,74 2,58 83,20
5,20 5,10 167,70 142,55 73,50 11,74 2,61 83,20
5,25 5,15 169,30 143,91 73,50 11,74 2,63 83,20
5,30 5,20 170,90 145,27 73,50 11,74 2,66 83,20
5,35 5,25 172,60 146,71 73,50 11,74 2,68 83,20
5,40 5,30 174,20 148,07 73,50 11,74 2,71 83,20
5,45 5,35 175,80 149,43 73,50 11,74 2,73 83,20
5,50 5,40 177,40 150,79 73,50 11,74 2,76 83,20
5,55 5,45 179,00 152,15 73,50 11,74 2,78 83,20
5,60 5,50 180,60 153,51 73,50 11,74 2,81 83,20
5,65 5,55 182,30 154,96 73,50 11,74 2,83 83,20
5,70 5,60 183,90 156,32 73,50 11,74 2,86 83,20
5,75 5,65 185,50 157,68 73,50 11,74 2,88 83,20
5,80 5,70 187,10 159,04 73,50 11,74 2,91 83,00
5,85 5,75 188,70 160,40 73,50 11,74 2,93 82,20
5,90 5,80 190,30 161,76 73,50 11,74 2,96 80,90
5,95 5,85 191,90 163,12 73,50 11,74 2,98 59,60
6,00 5,90 193,50 164,48 73,50 11,74 3,01 0,00

TANK 2_F_O__TK_(S)
0,10 0,00 3,00 2,55 73,50 -11,56 0,05 71,60
0,15 0,05 4,60 3,91 73,50 -11,58 0,08 74,30
0,20 0,10 6,10 5,19 73,50 -11,60 0,10 76,40
0,25 0,15 7,70 6,55 73,50 -11,62 0,13 78,20
0,30 0,20 9,30 7,91 73,50 -11,63 0,15 79,60
0,35 0,25 10,90 9,27 73,50 -11,65 0,18 80,70
0,40 0,30 12,50 10,63 73,50 -11,66 0,20 81,60
0,45 0,35 14,10 11,99 73,50 -11,67 0,23 82,30
0,50 0,40 15,70 13,35 73,50 -11,67 0,25 82,80
0,55 0,45 17,30 14,71 73,50 -11,68 0,28 83,10
0,60 0,50 18,90 16,07 73,50 -11,69 0,30 83,20
0,65 0,55 20,60 17,51 73,50 -11,69 0,33 83,20
0,70 0,60 22,20 18,87 73,50 -11,70 0,35 83,20
0,75 0,65 23,80 20,23 73,50 -11,70 0,38 83,20
0,80 0,70 25,40 21,59 73,50 -11,70 0,40 83,20
0,85 0,75 27,00 22,95 73,50 -11,71 0,43 83,20
0,90 0,80 28,60 24,31 73,50 -11,71 0,46 83,20
0,95 0,85 30,30 25,76 73,50 -11,71 0,48 83,20
1,00 0,90 31,90 27,12 73,50 -11,71 0,51 83,20
1,05 0,95 33,50 28,48 73,50 -11,71 0,53 83,20
1,10 1,00 35,10 29,84 73,50 -11,72 0,56 83,20
1,15 1,05 36,70 31,20 73,50 -11,72 0,58 83,20
1,20 1,10 38,40 32,64 73,50 -11,72 0,61 83,20
1,25 1,15 40,00 34,00 73,50 -11,72 0,63 83,20
1,30 1,20 41,60 35,36 73,50 -11,72 0,66 83,20
1,35 1,25 43,20 36,72 73,50 -11,72 0,68 83,20
1,40 1,30 44,80 38,08 73,50 -11,72 0,71 83,20
1,45 1,35 46,40 39,44 73,50 -11,72 0,73 83,20
1,50 1,40 48,00 40,80 73,50 -11,73 0,76 81,60
1,55 1,45 49,40 41,99 73,49 -11,74 0,78 59,80
1,60 1,50 50,70 43,10 73,48 -11,75 0,80 58,70
1,65 1,55 52,00 44,20 73,47 -11,76 0,82 58,70
1,70 1,60 53,30 45,31 73,47 -11,77 0,84 58,70
1,75 1,65 54,70 46,50 73,46 -11,78 0,86 58,70
1,80 1,70 56,00 47,60 73,45 -11,78 0,88 58,70
1,85 1,75 57,30 48,71 73,45 -11,79 0,90 58,70
1,90 1,80 58,60 49,81 73,44 -11,80 0,93 58,70
1,95 1,85 60,00 51,00 73,43 -11,81 0,95 58,70
2,00 1,90 61,30 52,11 73,43 -11,81 0,97 58,70
2,05 1,95 62,60 53,21 73,42 -11,82 0,99 58,70
2,10 2,00 63,90 54,32 73,42 -11,83 1,02 58,70
2,15 2,05 65,30 55,51 73,41 -11,83 1,04 58,70
2,20 2,10 66,60 56,61 73,41 -11,84 1,06 58,70
2,25 2,15 67,90 57,72 73,40 -11,85 1,08 58,70
2,30 2,20 69,20 58,82 73,40 -11,85 1,11 58,70
2,35 2,25 70,50 59,93 73,39 -11,86 1,13 58,70
2,40 2,30 71,90 61,12 73,39 -11,86 1,15 58,70
2,45 2,35 73,20 62,22 73,39 -11,87 1,17 58,70
2,50 2,40 74,50 63,33 73,38 -11,87 1,20 58,70
2,55 2,45 75,80 64,43 73,38 -11,88 1,22 58,70
2,60 2,50 77,20 65,62 73,37 -11,88 1,24 58,70
2,65 2,55 78,50 66,73 73,37 -11,89 1,27 58,70
2,70 2,60 79,80 67,83 73,37 -11,89 1,29 58,70
2,75 2,65 81,10 68,94 73,36 -11,89 1,31 58,70
2,80 2,70 82,50 70,13 73,36 -11,90 1,34 58,70
2,85 2,75 83,80 71,23 73,36 -11,90 1,36 58,70
2,90 2,80 85,10 72,34 73,35 -11,91 1,38 58,70
2,95 2,85 86,40 73,44 73,35 -11,91 1,41 59,10
3,00 2,90 87,80 74,63 73,35 -11,91 1,43 80,60
3,05 2,95 89,40 75,99 73,35 -11,91 1,46 83,20
3,10 3,00 91,00 77,35 73,35 -11,91 1,49 83,20
3,15 3,05 92,60 78,71 73,36 -11,90 1,52 83,20
3,20 3,10 94,20 80,07 73,36 -11,90 1,55 83,20
3,25 3,15 95,80 81,43 73,36 -11,90 1,57 83,20
3,30 3,20 97,40 82,79 73,36 -11,90 1,60 83,20
3,35 3,25 99,10 84,24 73,37 -11,89 1,63 83,20
3,40 3,30 100,70 85,60 73,37 -11,89 1,66 83,20
3,45 3,35 102,30 86,96 73,37 -11,89 1,69 83,20
3,50 3,40 103,90 88,32 73,37 -11,89 1,71 83,20
3,55 3,45 105,50 89,68 73,37 -11,88 1,74 83,20
3,60 3,50 107,10 91,04 73,38 -11,88 1,77 83,20
3,65 3,55 108,80 92,48 73,38 -11,88 1,80 83,20
3,70 3,60 110,40 93,84 73,38 -11,88 1,83 83,20
3,75 3,65 112,00 95,20 73,38 -11,88 1,85 83,20
3,80 3,70 113,60 96,56 73,38 -11,88 1,88 83,20
3,85 3,75 115,20 97,92 73,39 -11,87 1,91 83,20
3,90 3,80 116,80 99,28 73,39 -11,87 1,93 83,20
3,95 3,85 118,50 100,73 73,39 -11,87 1,96 83,20
4,00 3,90 120,10 102,09 73,39 -11,87 1,99 83,20
4,05 3,95 121,70 103,45 73,39 -11,87 2,02 83,20
4,10 4,00 123,30 104,81 73,39 -11,87 2,04 83,20
4,15 4,05 124,90 106,17 73,39 -11,86 2,07 83,20
4,20 4,10 126,60 107,61 73,40 -11,86 2,10 83,20
4,25 4,15 128,20 108,97 73,40 -11,86 2,12 83,20
4,30 4,20 129,80 110,33 73,40 -11,86 2,15 83,20
4,35 4,25 131,40 111,69 73,40 -11,86 2,18 83,20
4,40 4,30 133,00 113,05 73,40 -11,86 2,20 83,20
4,45 4,35 134,60 114,41 73,40 -11,86 2,23 83,20
4,50 4,40 136,30 115,86 73,40 -11,85 2,26 83,20
4,55 4,45 137,90 117,22 73,40 -11,85 2,28 83,20
4,60 4,50 139,50 118,58 73,41 -11,85 2,31 83,20
4,65 4,55 141,10 119,94 73,41 -11,85 2,34 83,20
4,70 4,60 142,70 121,30 73,41 -11,85 2,36 83,20
4,75 4,65 144,30 122,66 73,41 -11,85 2,39 83,20
4,80 4,70 146,00 124,10 73,41 -11,85 2,42 83,20
4,85 4,75 147,60 125,46 73,41 -11,85 2,44 83,20
4,90 4,80 149,20 126,82 73,41 -11,85 2,47 83,20
4,95 4,85 150,80 128,18 73,41 -11,84 2,50 83,20
5,00 4,90 152,40 129,54 73,41 -11,84 2,52 83,20
5,05 4,95 154,00 130,90 73,41 -11,84 2,55 83,20
5,10 5,00 155,70 132,35 73,41 -11,84 2,57 83,20
5,15 5,05 157,30 133,71 73,42 -11,84 2,60 83,20
5,20 5,10 158,90 135,07 73,42 -11,84 2,63 83,20
5,25 5,15 160,50 136,43 73,42 -11,84 2,65 83,20
5,30 5,20 162,10 137,79 73,42 -11,84 2,68 83,20
5,35 5,25 163,70 139,15 73,42 -11,84 2,71 83,20
5,40 5,30 165,40 140,59 73,42 -11,84 2,73 83,20
5,45 5,35 167,00 141,95 73,42 -11,84 2,76 83,20
5,50 5,40 168,60 143,31 73,42 -11,83 2,78 83,20
5,55 5,45 170,20 144,67 73,42 -11,83 2,81 83,20
5,60 5,50 171,80 146,03 73,42 -11,83 2,84 83,20
5,65 5,55 173,40 147,39 73,42 -11,83 2,86 83,20
5,70 5,60 175,10 148,84 73,42 -11,83 2,89 83,20
5,75 5,65 176,70 150,20 73,43 -11,83 2,91 83,20
5,80 5,70 178,30 151,56 73,43 -11,83 2,94 83,00
5,85 5,75 179,90 152,92 73,43 -11,83 2,97 82,20
5,90 5,80 181,50 154,28 73,43 -11,83 2,99 80,90
5,95 5,85 183,10 155,64 73,43 -11,83 3,02 59,60
6,00 5,90 184,70 157,00 73,43 -11,83 3,04 0,00

TANK 1_F_O_D_S__TK_(AFT)
1,60 0,00 0,30 0,26 74,25 -10,00 1,55 1,00
1,65 0,05 0,40 0,34 74,25 -10,00 1,57 1,00
1,70 0,10 0,60 0,51 74,25 -10,00 1,60 1,00
1,75 0,15 0,70 0,60 74,25 -10,00 1,63 1,00
1,80 0,20 0,90 0,77 74,25 -10,00 1,65 1,00
1,85 0,25 1,00 0,85 74,25 -10,00 1,68 1,00
1,90 0,30 1,20 1,02 74,25 -10,00 1,70 1,00
1,95 0,35 1,30 1,11 74,25 -10,00 1,73 1,00
2,00 0,40 1,50 1,28 74,25 -10,00 1,75 1,00
2,05 0,45 1,60 1,36 74,25 -10,00 1,77 1,00
2,10 0,50 1,80 1,53 74,25 -10,00 1,80 1,00
2,15 0,55 1,90 1,62 74,25 -10,00 1,83 1,00
2,20 0,60 2,10 1,79 74,25 -10,00 1,85 1,00
2,25 0,65 2,20 1,87 74,25 -10,00 1,88 1,00
2,30 0,70 2,40 2,04 74,25 -10,00 1,90 1,00
2,35 0,75 2,50 2,13 74,25 -10,00 1,92 1,00
2,40 0,80 2,60 2,21 74,25 -10,00 1,95 1,00
2,45 0,85 2,80 2,38 74,25 -10,00 1,97 1,00
2,50 0,90 2,90 2,47 74,25 -10,00 2,00 1,00
2,55 0,95 3,10 2,64 74,25 -10,00 2,02 1,00
2,60 1,00 3,20 2,72 74,25 -10,00 2,05 1,00
2,65 1,05 3,40 2,89 74,25 -10,00 2,08 1,00
2,70 1,10 3,50 2,98 74,25 -10,00 2,10 1,00
2,75 1,15 3,70 3,15 74,25 -10,00 2,13 1,00
2,80 1,20 3,80 3,23 74,25 -10,00 2,15 1,00
2,85 1,25 4,00 3,40 74,25 -10,00 2,17 1,00
2,90 1,30 4,10 3,49 74,25 -10,00 2,20 1,00
2,95 1,35 4,30 3,66 74,25 -10,00 2,23 1,00
3,00 1,40 4,40 3,74 74,25 -10,00 2,25 0,00

TANK 1_F_O_D_S__TK_(FWD)
1,60 0,00 0,30 0,26 75,75 -10,00 1,55 1,00
1,65 0,05 0,40 0,34 75,75 -10,00 1,57 1,00
1,70 0,10 0,60 0,51 75,75 -10,00 1,60 1,00
1,75 0,15 0,70 0,60 75,75 -10,00 1,63 1,00
1,80 0,20 0,90 0,77 75,75 -10,00 1,65 1,00
1,85 0,25 1,00 0,85 75,75 -10,00 1,68 1,00
1,90 0,30 1,20 1,02 75,75 -10,00 1,70 1,00
1,95 0,35 1,30 1,11 75,75 -10,00 1,73 1,00
2,00 0,40 1,50 1,28 75,75 -10,00 1,75 1,00
2,05 0,45 1,60 1,36 75,75 -10,00 1,77 1,00
2,10 0,50 1,80 1,53 75,75 -10,00 1,80 1,00
2,15 0,55 1,90 1,62 75,75 -10,00 1,83 1,00
2,20 0,60 2,10 1,79 75,75 -10,00 1,85 1,00
2,25 0,65 2,20 1,87 75,75 -10,00 1,88 1,00
2,30 0,70 2,40 2,04 75,75 -10,00 1,90 1,00
2,35 0,75 2,50 2,13 75,75 -10,00 1,92 1,00
2,40 0,80 2,60 2,21 75,75 -10,00 1,95 1,00
2,45 0,85 2,80 2,38 75,75 -10,00 1,97 1,00
2,50 0,90 2,90 2,47 75,75 -10,00 2,00 1,00
2,55 0,95 3,10 2,64 75,75 -10,00 2,02 1,00
2,60 1,00 3,20 2,72 75,75 -10,00 2,05 1,00
2,65 1,05 3,40 2,89 75,75 -10,00 2,08 1,00
2,70 1,10 3,50 2,98 75,75 -10,00 2,10 1,00
2,75 1,15 3,70 3,15 75,75 -10,00 2,13 1,00
2,80 1,20 3,80 3,23 75,75 -10,00 2,15 1,00
2,85 1,25 4,00 3,40 75,75 -10,00 2,17 1,00
2,90 1,30 4,10 3,49 75,75 -10,00 2,20 1,00
2,95 1,35 4,30 3,66 75,75 -10,00 2,23 1,00
3,00 1,40 4,40 3,74 75,75 -10,00 2,25 0,00

TANK 1_W_B__TK_(P)
0,05 0,00 1,90 1,95 5,08 -11,53 0,03 88,00
0,10 0,05 3,90 4,00 5,08 -11,56 0,05 92,80
0,15 0,10 5,90 6,05 5,08 -11,59 0,08 96,40
0,20 0,15 7,90 8,10 5,08 -11,61 0,10 99,10
0,25 0,20 10,00 10,25 5,08 -11,62 0,13 101,40
0,30 0,25 12,10 12,40 5,08 -11,64 0,15 103,20
0,35 0,30 14,10 14,45 5,08 -11,65 0,18 104,70
0,40 0,35 16,20 16,61 5,08 -11,66 0,20 105,80
0,45 0,40 18,30 18,76 5,08 -11,67 0,23 106,70
0,50 0,45 20,40 20,91 5,08 -11,67 0,25 107,40
0,55 0,50 22,50 23,06 5,08 -11,68 0,28 107,70
0,60 0,55 24,60 25,22 5,08 -11,69 0,30 107,90
0,65 0,60 26,70 27,37 5,08 -11,69 0,33 107,90
0,70 0,65 28,80 29,52 5,08 -11,70 0,35 107,90
0,75 0,70 30,90 31,67 5,08 -11,70 0,38 107,90
0,80 0,75 33,00 33,83 5,08 -11,70 0,40 107,90
0,85 0,80 35,10 35,98 5,08 -11,71 0,43 107,90
0,90 0,85 37,20 38,13 5,08 -11,71 0,46 107,90
0,95 0,90 39,20 40,18 5,08 -11,71 0,48 107,90
1,00 0,95 41,30 42,33 5,08 -11,71 0,51 107,90
1,05 1,00 43,40 44,49 5,08 -11,71 0,53 107,90
1,10 1,05 45,50 46,64 5,08 -11,72 0,56 107,90
1,15 1,10 47,60 48,79 5,08 -11,72 0,58 107,90
1,20 1,15 49,70 50,94 5,08 -11,72 0,61 107,90
1,25 1,20 51,80 53,10 5,08 -11,72 0,63 107,90
1,30 1,25 53,90 55,25 5,08 -11,72 0,66 107,90
1,35 1,30 56,00 57,40 5,08 -11,72 0,68 107,90
1,40 1,35 58,10 59,55 5,08 -11,72 0,71 107,90
1,45 1,40 60,20 61,71 5,08 -11,72 0,73 107,90
1,50 1,45 62,70 64,27 5,06 -11,73 0,76 109,20
1,55 1,50 67,50 69,19 4,90 -11,74 0,78 119,70
1,60 1,55 69,50 71,24 4,91 -11,73 0,81 120,00
1,65 1,60 71,70 73,49 4,91 -11,72 0,84 120,00
1,70 1,65 74,10 75,95 4,90 -11,72 0,86 120,00
1,75 1,70 76,50 78,41 4,89 -11,72 0,89 120,00
1,80 1,75 78,90 80,87 4,88 -11,72 0,92 120,00
1,85 1,80 81,20 83,23 4,87 -11,72 0,94 120,00
1,90 1,85 83,60 85,69 4,86 -11,72 0,97 120,00
1,95 1,90 86,00 88,15 4,85 -11,72 1,00 120,00
2,00 1,95 88,40 90,61 4,84 -11,72 1,02 120,00
2,05 2,00 90,80 93,07 4,84 -11,72 1,05 120,00
2,10 2,05 93,20 95,53 4,83 -11,72 1,08 120,00
2,15 2,10 95,50 97,89 4,82 -11,72 1,10 120,00
2,20 2,15 97,90 100,35 4,82 -11,72 1,13 120,00
2,25 2,20 100,30 102,81 4,81 -11,72 1,15 120,00
2,30 2,25 102,70 105,27 4,81 -11,72 1,18 120,00
2,35 2,30 105,10 107,73 4,80 -11,72 1,21 120,00
2,40 2,35 107,50 110,19 4,80 -11,72 1,23 120,00
2,45 2,40 109,80 112,55 4,79 -11,72 1,26 120,00
2,50 2,45 112,20 115,01 4,79 -11,72 1,28 120,00
2,55 2,50 114,60 117,47 4,78 -11,72 1,31 120,00
2,60 2,55 117,00 119,93 4,78 -11,72 1,34 120,00
2,65 2,60 119,40 122,39 4,77 -11,72 1,36 120,00
2,70 2,65 121,70 124,74 4,77 -11,72 1,39 120,00
2,75 2,70 124,10 127,20 4,76 -11,72 1,41 120,00
2,80 2,75 126,50 129,66 4,76 -11,72 1,44 120,00
2,85 2,80 128,90 132,12 4,76 -11,72 1,46 120,00
2,90 2,85 131,30 134,58 4,75 -11,72 1,49 120,00
2,95 2,90 133,70 137,04 4,75 -11,72 1,52 120,00
3,00 2,95 136,00 139,40 4,75 -11,72 1,54 120,00
3,05 3,00 138,40 141,86 4,74 -11,72 1,57 120,00
3,10 3,05 140,80 144,32 4,74 -11,72 1,59 120,00
3,15 3,10 143,20 146,78 4,74 -11,72 1,62 120,00
3,20 3,15 145,60 149,24 4,74 -11,72 1,64 120,00
3,25 3,20 147,90 151,60 4,73 -11,72 1,67 120,00
3,30 3,25 150,30 154,06 4,73 -11,72 1,69 120,00
3,35 3,30 152,70 156,52 4,73 -11,72 1,72 120,00
3,40 3,35 155,10 158,98 4,73 -11,72 1,74 120,00
3,45 3,40 157,50 161,44 4,72 -11,72 1,77 120,00
3,50 3,45 159,90 163,90 4,72 -11,72 1,80 120,00
3,55 3,50 162,20 166,26 4,72 -11,72 1,82 120,00
3,60 3,55 164,60 168,72 4,72 -11,72 1,85 111,20
3,65 3,60 166,80 170,97 4,72 -11,72 1,87 107,90
3,70 3,65 169,00 173,23 4,72 -11,72 1,89 107,90
3,75 3,70 171,10 175,38 4,73 -11,72 1,92 107,90
3,80 3,75 173,30 177,63 4,73 -11,72 1,94 107,90
3,85 3,80 175,50 179,89 4,73 -11,72 1,96 107,90
3,90 3,85 177,40 181,84 4,74 -11,72 1,98 93,80
3,95 3,90 178,90 183,37 4,75 -11,72 2,00 78,00
4,00 3,95 180,40 184,91 4,76 -11,72 2,02 78,00
4,05 4,00 181,90 186,45 4,78 -11,72 2,03 78,00
4,10 4,05 183,40 187,99 4,79 -11,72 2,05 78,00
4,15 4,10 184,80 189,42 4,80 -11,72 2,07 63,60
4,20 4,15 186,00 190,65 4,81 -11,72 2,08 46,80
4,25 4,20 186,90 191,57 4,83 -11,71 2,09 46,80
4,30 4,25 187,80 192,50 4,84 -11,71 2,10 46,80
4,35 4,30 188,80 193,52 4,85 -11,71 2,11 46,80
4,40 4,35 189,60 194,34 4,86 -11,70 2,12 31,60
4,45 4,40 190,20 194,96 4,87 -11,70 2,13 13,00
4,50 4,45 190,40 195,16 4,88 -11,71 2,13 13,00
4,55 4,50 190,70 195,47 4,88 -11,72 2,14 13,00
4,60 4,55 190,90 195,67 4,89 -11,72 2,14 13,00
4,65 4,60 191,20 195,98 4,89 -11,72 2,15 13,00
4,70 4,65 191,50 196,29 4,90 -11,72 2,15 13,00
4,75 4,70 191,50 196,29 4,90 -11,72 2,15 0,00
4,80 4,75 191,50 196,29 4,90 -11,72 2,15 0,00
4,85 4,80 191,50 196,29 4,90 -11,72 2,15 0,00
4,90 4,85 191,50 196,29 4,90 -11,72 2,15 0,00
4,95 4,90 191,50 196,29 4,90 -11,72 2,15 0,00
5,00 4,95 191,50 196,29 4,90 -11,72 2,15 0,00
5,05 5,00 191,50 196,29 4,90 -11,72 2,15 0,00
5,10 5,05 191,50 196,29 4,90 -11,72 2,15 0,00
5,15 5,10 191,50 196,29 4,90 -11,72 2,15 0,00
5,20 5,15 191,50 196,29 4,90 -11,72 2,15 0,00
5,25 5,20 191,50 196,29 4,90 -11,72 2,15 0,00
5,30 5,25 191,50 196,29 4,90 -11,72 2,15 0,00
5,35 5,30 191,50 196,29 4,90 -11,72 2,15 0,00
5,40 5,35 191,50 196,29 4,90 -11,72 2,15 0,00
5,45 5,40 191,50 196,29 4,90 -11,72 2,15 0,00
5,50 5,45 191,50 196,29 4,90 -11,72 2,15 0,00
5,55 5,50 191,50 196,29 4,90 -11,72 2,15 0,00
5,60 5,55 191,50 196,29 4,90 -11,72 2,15 0,00
5,65 5,60 191,50 196,29 4,90 -11,72 2,15 0,00
5,70 5,65 191,50 196,29 4,90 -11,72 2,15 0,00
5,75 5,70 191,50 196,29 4,90 -11,72 2,15 0,00
5,80 5,75 191,50 196,29 4,90 -11,72 2,15 0,00
5,85 5,80 191,50 196,29 4,90 -11,72 2,15 0,00
5,90 5,85 191,50 196,29 4,90 -11,72 2,15 0,00
5,95 5,90 191,50 196,29 4,90 -11,72 2,15 0,00
6,00 5,95 191,50 196,29 4,90 -11,72 2,15 0,00
6,05 6,00 191,50 196,29 4,90 -11,72 2,15 0,00
6,10 6,05 191,50 196,29 4,90 -11,72 2,15 0,00
6,15 6,10 191,50 196,29 4,90 -11,72 2,15 0,00

TANK 2_W_B__TK_(P)
0,05 0,00 5,20 5,33 12,75 7,02 0,03 1767,50
0,10 0,05 10,40 10,66 12,75 7,06 0,05 1801,30
0,15 0,10 15,60 15,99 12,75 7,08 0,08 1826,50
0,20 0,15 20,90 21,42 12,75 7,10 0,10 1845,90
0,25 0,20 26,20 26,86 12,75 7,12 0,13 1861,40
0,30 0,25 31,50 32,29 12,75 7,13 0,15 1873,90
0,35 0,30 36,80 37,72 12,75 7,15 0,18 1883,90
0,40 0,35 42,10 43,15 12,75 7,16 0,20 1891,70
0,45 0,40 47,40 48,59 12,75 7,17 0,23 1897,70
0,50 0,45 52,70 54,02 12,75 7,17 0,25 1901,90
0,55 0,50 58,00 59,45 12,75 7,18 0,28 1903,80
0,60 0,55 63,40 64,99 12,75 7,19 0,30 1904,20
0,65 0,60 68,70 70,42 12,75 7,19 0,33 1904,50
0,70 0,65 74,00 75,85 12,75 7,19 0,35 1904,70
0,75 0,70 79,40 81,39 12,75 7,20 0,38 1904,90
0,80 0,75 84,70 86,82 12,75 7,20 0,40 1905,10
0,85 0,80 90,00 92,25 12,75 7,20 0,43 1905,20
0,90 0,85 95,30 97,68 12,75 7,21 0,45 1905,30
0,95 0,90 100,70 103,22 12,75 7,21 0,48 1905,40
1,00 0,95 106,00 108,65 12,75 7,21 0,50 1905,40
1,05 1,00 111,30 114,08 12,75 7,21 0,53 1905,40
1,10 1,05 116,70 119,62 12,75 7,21 0,55 1905,40
1,15 1,10 122,00 125,05 12,75 7,22 0,58 1905,40
1,20 1,15 127,30 130,48 12,75 7,22 0,60 1905,40
1,25 1,20 132,60 135,92 12,75 7,22 0,63 1905,40
1,30 1,25 138,00 141,45 12,75 7,22 0,65 1905,40
1,35 1,30 143,30 146,88 12,75 7,22 0,68 1905,40
1,40 1,35 148,60 152,32 12,75 7,22 0,70 1905,40
1,45 1,40 154,00 157,85 12,75 7,22 0,73 1905,40
1,50 1,45 159,30 163,28 12,75 7,22 0,75 1905,40
1,55 1,50 164,60 168,72 12,75 7,22 0,78 1905,40
1,60 1,55 169,90 174,15 12,75 7,23 0,80 1905,40
1,65 1,60 175,30 179,68 12,75 7,23 0,83 1905,40
1,70 1,65 180,60 185,12 12,75 7,23 0,85 1905,40
1,75 1,70 185,90 190,55 12,75 7,23 0,88 1905,40
1,80 1,75 191,30 196,08 12,75 7,23 0,90 1905,40
1,85 1,80 196,60 201,52 12,75 7,23 0,93 1905,40
1,90 1,85 201,90 206,95 12,75 7,23 0,95 1905,40
1,95 1,90 207,20 212,38 12,75 7,23 0,98 1905,40
2,00 1,95 211,80 217,10 12,75 7,24 1,00 1249,40
2,05 2,00 214,60 219,97 12,75 7,27 1,01 104,00
2,10 2,05 216,60 222,02 12,75 7,31 1,02 104,00
2,15 2,10 218,60 224,07 12,75 7,36 1,03 104,00
2,20 2,15 220,70 226,22 12,75 7,40 1,04 104,00
2,25 2,20 222,70 228,27 12,75 7,44 1,05 104,00
2,30 2,25 224,70 230,32 12,75 7,47 1,06 104,00
2,35 2,30 226,70 232,37 12,75 7,51 1,08 104,00
2,40 2,35 228,70 234,42 12,75 7,55 1,09 104,00
2,45 2,40 230,80 236,57 12,75 7,59 1,10 104,00
2,50 2,45 232,80 238,62 12,75 7,62 1,11 104,00
2,55 2,50 234,80 240,67 12,75 7,66 1,12 104,00
2,60 2,55 236,80 242,72 12,75 7,69 1,14 104,00
2,65 2,60 238,80 244,77 12,75 7,73 1,15 104,00
2,70 2,65 240,90 246,92 12,75 7,76 1,16 104,00
2,75 2,70 242,90 248,97 12,75 7,79 1,17 104,00
2,80 2,75 244,90 251,02 12,75 7,83 1,19 104,00
2,85 2,80 246,90 253,07 12,75 7,86 1,20 104,00
2,90 2,85 249,00 255,23 12,75 7,89 1,21 104,00
2,95 2,90 251,00 257,28 12,75 7,92 1,23 104,00
3,00 2,95 253,00 259,33 12,75 7,95 1,24 104,00
3,05 3,00 255,00 261,38 12,75 7,98 1,26 104,00
3,10 3,05 257,00 263,43 12,75 8,01 1,27 104,00
3,15 3,10 259,10 265,58 12,75 8,04 1,28 104,00
3,20 3,15 261,10 267,63 12,75 8,07 1,30 104,00
3,25 3,20 263,10 269,68 12,75 8,10 1,31 104,00
3,30 3,25 265,10 271,73 12,75 8,13 1,33 104,00
3,35 3,30 267,10 273,78 12,75 8,15 1,34 104,00
3,40 3,35 269,20 275,93 12,75 8,18 1,36 104,00
3,45 3,40 271,20 277,98 12,75 8,21 1,37 104,00
3,50 3,45 273,20 280,03 12,75 8,23 1,39 104,00
3,55 3,50 275,20 282,08 12,75 8,26 1,41 104,00
3,60 3,55 277,30 284,23 12,75 8,28 1,42 104,00
3,65 3,60 279,30 286,28 12,75 8,31 1,44 104,00
3,70 3,65 281,30 288,33 12,75 8,33 1,45 104,00
3,75 3,70 283,30 290,38 12,75 8,36 1,47 104,00
3,80 3,75 285,30 292,43 12,75 8,38 1,49 104,00
3,85 3,80 287,40 294,59 12,75 8,41 1,50 104,00
3,90 3,85 289,40 296,64 12,75 8,43 1,52 104,00
3,95 3,90 291,40 298,69 12,75 8,45 1,54 104,00
4,00 3,95 293,40 300,74 12,75 8,48 1,55 104,00
4,05 4,00 295,40 302,79 12,75 8,50 1,57 104,00
4,10 4,05 297,50 304,94 12,75 8,52 1,59 104,00
4,15 4,10 299,50 306,99 12,75 8,54 1,60 104,00
4,20 4,15 301,50 309,04 12,75 8,56 1,62 104,00
4,25 4,20 303,50 311,09 12,75 8,58 1,64 104,00
4,30 4,25 305,50 313,14 12,75 8,61 1,66 104,00
4,35 4,30 307,60 315,29 12,75 8,63 1,67 104,00
4,40 4,35 309,60 317,34 12,75 8,65 1,69 104,00
4,45 4,40 311,60 319,39 12,75 8,67 1,71 104,00
4,50 4,45 313,60 321,44 12,75 8,69 1,73 104,00
4,55 4,50 315,70 323,59 12,75 8,71 1,74 104,00
4,60 4,55 317,70 325,64 12,75 8,73 1,76 104,00
4,65 4,60 319,70 327,69 12,75 8,74 1,78 104,00
4,70 4,65 321,70 329,74 12,75 8,76 1,80 104,00
4,75 4,70 323,70 331,79 12,75 8,78 1,82 104,00
4,80 4,75 325,80 333,95 12,75 8,80 1,84 104,00
4,85 4,80 327,80 336,00 12,75 8,82 1,85 104,00
4,90 4,85 329,80 338,05 12,75 8,84 1,87 104,00
4,95 4,90 331,80 340,10 12,75 8,85 1,89 104,00
5,00 4,95 333,80 342,15 12,75 8,87 1,91 104,00
5,05 5,00 335,90 344,30 12,75 8,89 1,93 104,00
5,10 5,05 337,90 346,35 12,75 8,91 1,95 104,00
5,15 5,10 339,90 348,40 12,75 8,92 1,97 104,00
5,20 5,15 341,90 350,45 12,75 8,94 1,99 104,00
5,25 5,20 344,00 352,60 12,75 8,96 2,00 104,00
5,30 5,25 346,00 354,65 12,75 8,97 2,02 104,00
5,35 5,30 348,00 356,70 12,75 8,99 2,04 104,00
5,40 5,35 350,00 358,75 12,75 9,01 2,06 104,00
5,45 5,40 352,00 360,80 12,75 9,02 2,08 104,00
5,50 5,45 354,10 362,95 12,75 9,04 2,10 104,00
5,55 5,50 356,10 365,00 12,75 9,05 2,12 104,00
5,60 5,55 358,10 367,05 12,75 9,07 2,14 104,00
5,65 5,60 360,10 369,10 12,75 9,08 2,16 104,00
5,70 5,65 362,10 371,15 12,75 9,10 2,18 104,00
5,75 5,70 364,20 373,31 12,75 9,11 2,20 104,00
5,80 5,75 366,20 375,36 12,75 9,13 2,22 103,70
5,85 5,80 368,20 377,41 12,75 9,14 2,24 102,80
5,90 5,85 370,20 379,46 12,75 9,15 2,26 101,10
5,95 5,90 372,20 381,51 12,75 9,17 2,28 98,40
6,00 5,95 374,20 383,56 12,75 9,18 2,30 0,00
6,05 6,00 374,20 383,56 12,75 9,18 2,30 0,00
6,10 6,05 374,20 383,56 12,75 9,18 2,30 0,00
6,14 6,10 374,20 383,56 12,75 9,18 2,30 0,00

TANK 2_W_B__TK_(S)
0,05 0,00 5,20 5,33 12,75 -7,02 0,03 1767,50
0,10 0,05 10,40 10,66 12,75 -7,06 0,05 1801,20
0,15 0,10 15,60 15,99 12,75 -7,08 0,08 1826,50
0,20 0,15 20,90 21,42 12,75 -7,10 0,10 1845,90
0,25 0,20 26,20 26,86 12,75 -7,12 0,13 1861,40
0,30 0,25 31,50 32,29 12,75 -7,13 0,15 1873,90
0,35 0,30 36,80 37,72 12,75 -7,15 0,18 1883,90
0,40 0,35 42,10 43,15 12,75 -7,16 0,20 1891,70
0,45 0,40 47,40 48,59 12,75 -7,17 0,23 1897,70
0,50 0,45 52,70 54,02 12,75 -7,17 0,25 1901,90
0,55 0,50 58,00 59,45 12,75 -7,18 0,28 1903,80
0,60 0,55 63,40 64,99 12,75 -7,19 0,30 1904,20
0,65 0,60 68,70 70,42 12,75 -7,19 0,33 1904,50
0,70 0,65 74,00 75,85 12,75 -7,19 0,35 1904,70
0,75 0,70 79,40 81,39 12,75 -7,20 0,38 1904,90
0,80 0,75 84,70 86,82 12,75 -7,20 0,40 1905,10
0,85 0,80 90,00 92,25 12,75 -7,20 0,43 1905,20
0,90 0,85 95,30 97,68 12,75 -7,21 0,45 1905,30
0,95 0,90 100,70 103,22 12,75 -7,21 0,48 1905,40
1,00 0,95 106,00 108,65 12,75 -7,21 0,50 1905,40
1,05 1,00 111,30 114,08 12,75 -7,21 0,53 1905,40
1,10 1,05 116,70 119,62 12,75 -7,21 0,55 1905,40
1,15 1,10 122,00 125,05 12,75 -7,22 0,58 1905,40
1,20 1,15 127,30 130,48 12,75 -7,22 0,60 1905,40
1,25 1,20 132,60 135,92 12,75 -7,22 0,63 1905,40
1,30 1,25 138,00 141,45 12,75 -7,22 0,65 1905,40
1,35 1,30 143,30 146,88 12,75 -7,22 0,68 1905,40
1,40 1,35 148,60 152,32 12,75 -7,22 0,70 1905,40
1,45 1,40 154,00 157,85 12,75 -7,22 0,73 1905,40
1,50 1,45 159,30 163,28 12,75 -7,22 0,75 1905,40
1,55 1,50 164,60 168,72 12,75 -7,22 0,78 1905,40
1,60 1,55 169,90 174,15 12,75 -7,23 0,80 1905,40
1,65 1,60 175,30 179,68 12,75 -7,23 0,83 1905,40
1,70 1,65 180,60 185,12 12,75 -7,23 0,85 1905,40
1,75 1,70 185,90 190,55 12,75 -7,23 0,88 1905,40
1,80 1,75 191,30 196,08 12,75 -7,23 0,90 1905,40
1,85 1,80 196,60 201,52 12,75 -7,23 0,93 1905,40
1,90 1,85 201,90 206,95 12,75 -7,23 0,95 1905,40
1,95 1,90 207,20 212,38 12,75 -7,23 0,98 1905,40
2,00 1,95 212,30 217,61 12,75 -7,23 1,00 1735,80
2,05 2,00 214,60 219,97 12,75 -7,27 1,01 172,90
2,10 2,05 216,60 222,02 12,75 -7,31 1,02 104,00
2,15 2,10 218,60 224,07 12,75 -7,36 1,03 104,00
2,20 2,15 220,70 226,22 12,75 -7,40 1,04 104,00
2,25 2,20 222,70 228,27 12,75 -7,44 1,05 104,00
2,30 2,25 224,70 230,32 12,75 -7,47 1,06 104,00
2,35 2,30 226,70 232,37 12,75 -7,51 1,08 104,00
2,40 2,35 228,70 234,42 12,75 -7,55 1,09 104,00
2,45 2,40 230,80 236,57 12,75 -7,59 1,10 104,00
2,50 2,45 232,80 238,62 12,75 -7,62 1,11 104,00
2,55 2,50 234,80 240,67 12,75 -7,66 1,12 104,00
2,60 2,55 236,80 242,72 12,75 -7,69 1,14 104,00
2,65 2,60 238,80 244,77 12,75 -7,73 1,15 104,00
2,70 2,65 240,90 246,92 12,75 -7,76 1,16 104,00
2,75 2,70 242,90 248,97 12,75 -7,79 1,17 104,00
2,80 2,75 244,90 251,02 12,75 -7,83 1,19 104,00
2,85 2,80 246,90 253,07 12,75 -7,86 1,20 104,00
2,90 2,85 249,00 255,23 12,75 -7,89 1,21 104,00
2,95 2,90 251,00 257,28 12,75 -7,92 1,23 104,00
3,00 2,95 253,00 259,33 12,75 -7,95 1,24 104,00
3,05 3,00 255,00 261,38 12,75 -7,98 1,26 104,00
3,10 3,05 257,00 263,43 12,75 -8,01 1,27 104,00
3,15 3,10 259,10 265,58 12,75 -8,04 1,28 104,00
3,20 3,15 261,10 267,63 12,75 -8,07 1,30 104,00
3,25 3,20 263,10 269,68 12,75 -8,10 1,31 104,00
3,30 3,25 265,10 271,73 12,75 -8,13 1,33 104,00
3,35 3,30 267,10 273,78 12,75 -8,15 1,34 104,00
3,40 3,35 269,20 275,93 12,75 -8,18 1,36 104,00
3,45 3,40 271,20 277,98 12,75 -8,21 1,37 104,00
3,50 3,45 273,20 280,03 12,75 -8,23 1,39 104,00
3,55 3,50 275,20 282,08 12,75 -8,26 1,41 104,00
3,60 3,55 277,30 284,23 12,75 -8,28 1,42 104,00
3,65 3,60 279,30 286,28 12,75 -8,31 1,44 104,00
3,70 3,65 281,30 288,33 12,75 -8,33 1,45 104,00
3,75 3,70 283,30 290,38 12,75 -8,36 1,47 104,00
3,80 3,75 285,30 292,43 12,75 -8,38 1,49 104,00
3,85 3,80 287,40 294,59 12,75 -8,41 1,50 104,00
3,90 3,85 289,40 296,64 12,75 -8,43 1,52 104,00
3,95 3,90 291,40 298,69 12,75 -8,45 1,54 104,00
4,00 3,95 293,40 300,74 12,75 -8,48 1,55 104,00
4,05 4,00 295,40 302,79 12,75 -8,50 1,57 104,00
4,10 4,05 297,50 304,94 12,75 -8,52 1,59 104,00
4,15 4,10 299,50 306,99 12,75 -8,54 1,60 104,00
4,20 4,15 301,50 309,04 12,75 -8,56 1,62 104,00
4,25 4,20 303,50 311,09 12,75 -8,58 1,64 104,00
4,30 4,25 305,50 313,14 12,75 -8,61 1,66 104,00
4,35 4,30 307,60 315,29 12,75 -8,63 1,67 104,00
4,40 4,35 309,60 317,34 12,75 -8,65 1,69 104,00
4,45 4,40 311,60 319,39 12,75 -8,67 1,71 104,00
4,50 4,45 313,60 321,44 12,75 -8,69 1,73 104,00
4,55 4,50 315,70 323,59 12,75 -8,71 1,74 104,00
4,60 4,55 317,70 325,64 12,75 -8,73 1,76 104,00
4,65 4,60 319,70 327,69 12,75 -8,75 1,78 104,00
4,70 4,65 321,70 329,74 12,75 -8,76 1,80 145,40
4,75 4,70 323,50 331,59 12,75 -8,78 1,81 307,80
4,80 4,75 325,10 333,23 12,76 -8,80 1,83 307,80
4,85 4,80 326,80 334,97 12,76 -8,80 1,85 307,80
4,90 4,85 328,50 336,71 12,76 -8,81 1,86 307,80
4,95 4,90 330,20 338,46 12,77 -8,83 1,88 307,80
5,00 4,95 331,90 340,20 12,77 -8,84 1,88 307,80
5,05 5,00 333,60 341,94 12,78 -8,85 1,90 307,80
5,10 5,05 335,20 343,58 12,78 -8,86 1,91 307,80
5,15 5,10 336,80 345,22 12,78 -8,87 1,93 189,50
5,20 5,15 337,80 346,25 12,79 -8,88 1,94 26,00
5,25 5,20 338,10 346,55 12,79 -8,89 1,94 26,00
5,30 5,25 338,50 346,96 12,79 -8,89 1,95 26,00
5,35 5,30 338,80 347,27 12,80 -8,91 1,96 26,00
5,40 5,35 339,10 347,58 12,80 -8,92 1,96 26,00
5,45 5,40 339,50 347,99 12,81 -8,92 1,96 26,00
5,50 5,45 339,80 348,30 12,81 -8,92 1,97 26,00
5,55 5,50 340,10 348,60 12,81 -8,93 1,97 26,00
5,60 5,55 340,50 349,01 12,82 -8,93 1,98 26,00
5,65 5,60 340,70 349,22 12,82 -8,93 1,98 0,00
5,70 5,65 340,70 349,22 12,82 -8,93 1,98 0,00
5,75 5,70 340,70 349,22 12,82 -8,93 1,98 0,00
5,80 5,75 340,70 349,22 12,82 -8,93 1,98 0,00
5,85 5,80 340,70 349,22 12,82 -8,93 1,98 0,00
5,90 5,85 340,70 349,22 12,82 -8,93 1,98 0,00
5,95 5,90 340,70 349,22 12,82 -8,93 1,98 0,00
6,00 5,95 340,70 349,22 12,82 -8,93 1,98 0,00
6,05 6,00 340,70 349,22 12,82 -8,93 1,98 0,00
6,10 6,05 340,70 349,22 12,82 -8,93 1,98 0,00
6,15 6,10 340,70 349,22 12,82 -8,93 1,98 0,00
6,16 6,11 340,70 349,22 12,82 -8,93 1,98 0,00

TANK 3_W_B__TK_(P)
0,10 0,00 2,30 2,36 80,25 0,05 23,50 53,70
0,15 0,05 3,40 3,49 80,25 0,08 23,80 55,70
0,20 0,10 4,60 4,72 80,25 0,10 24,10 57,30
0,25 0,15 5,80 5,95 80,25 0,13 24,20 58,60
0,30 0,20 7,00 7,18 80,25 0,15 24,40 59,70
0,35 0,25 8,20 8,41 80,25 0,18 24,50 60,60
0,40 0,30 9,40 9,64 80,25 0,20 24,60 61,20
0,45 0,35 10,60 10,87 80,25 0,23 24,70 61,70
0,50 0,40 11,80 12,10 80,25 0,25 24,70 62,10
0,55 0,45 13,00 13,33 80,25 0,28 24,70 62,30
0,60 0,50 14,20 14,56 80,25 0,30 24,70 62,40
0,65 0,55 15,40 15,79 80,25 0,33 24,70 62,40
0,70 0,60 16,60 17,02 80,25 0,35 24,70 62,40
0,75 0,65 17,90 18,35 80,25 0,38 24,70 62,40
0,80 0,70 19,10 19,58 80,25 0,40 24,70 62,40
0,85 0,75 20,30 20,81 80,25 0,43 24,70 62,40
0,90 0,80 21,50 22,04 80,25 0,46 24,70 62,40
0,95 0,85 22,70 23,27 80,25 0,48 24,80 62,40
1,00 0,90 23,90 24,50 80,25 0,51 24,80 62,40
1,05 0,95 25,10 25,73 80,25 0,53 24,80 62,40
1,10 1,00 26,30 26,96 80,25 0,56 24,80 62,40
1,15 1,05 27,60 28,29 80,25 0,58 24,80 62,40
1,20 1,10 28,80 29,52 80,25 0,61 24,80 62,40
1,25 1,15 30,00 30,75 80,25 0,63 24,80 62,40
1,30 1,20 31,20 31,98 80,25 0,66 24,80 62,40
1,35 1,25 32,40 33,21 80,25 0,68 24,80 62,40
1,40 1,30 33,60 34,44 80,25 0,71 24,80 62,40
1,45 1,35 34,80 35,67 80,25 0,73 24,80 62,40
1,50 1,40 36,00 36,90 80,25 0,76 24,80 62,40
1,55 1,45 37,30 38,23 80,25 0,78 24,80 62,40
1,60 1,50 38,50 39,46 80,25 0,81 24,80 62,40
1,65 1,55 39,70 40,69 80,25 0,83 24,80 62,40
1,70 1,60 40,90 41,92 80,25 0,86 24,80 62,40
1,75 1,65 42,10 43,15 80,25 0,88 24,80 62,40
1,80 1,70 43,30 44,38 80,25 0,91 24,80 62,40
1,85 1,75 44,50 45,61 80,25 0,93 24,80 62,40
1,90 1,80 45,70 46,84 80,25 0,96 24,80 62,40
1,95 1,85 47,00 48,18 80,25 0,98 24,80 62,40
2,00 1,90 48,20 49,41 80,25 1,01 24,80 62,40
2,05 1,95 49,40 50,64 80,25 1,03 24,80 62,40
2,10 2,00 50,60 51,87 80,25 1,06 24,80 62,40
2,15 2,05 51,80 53,10 80,25 1,08 24,80 62,40
2,20 2,10 53,00 54,33 80,25 1,11 24,80 62,40
2,25 2,15 54,20 55,56 80,25 1,13 24,80 62,40
2,30 2,20 55,40 56,79 80,25 1,16 24,80 62,40
2,35 2,25 56,70 58,12 80,25 1,18 24,80 62,40
2,40 2,30 57,90 59,35 80,25 1,21 24,80 62,40
2,45 2,35 59,10 60,58 80,25 1,23 24,80 62,40
2,50 2,40 60,30 61,81 80,25 1,26 24,80 62,40
2,55 2,45 61,50 63,04 80,25 1,28 24,80 62,40
2,60 2,50 62,70 64,27 80,25 1,31 24,80 62,40
2,65 2,55 63,90 65,50 80,25 1,33 24,80 62,40
2,70 2,60 65,10 66,73 80,25 1,36 24,80 62,40
2,75 2,65 66,40 68,06 80,25 1,38 24,80 62,40
2,80 2,70 67,60 69,29 80,25 1,41 24,80 62,40
2,85 2,75 68,80 70,52 80,25 1,43 24,80 62,40
2,90 2,80 70,00 71,75 80,25 1,46 24,80 62,40
2,95 2,85 71,20 72,98 80,25 1,48 24,80 62,40
3,00 2,90 72,40 74,21 80,25 1,51 24,80 62,40
3,05 2,95 73,60 75,44 80,25 1,53 24,80 62,40
3,10 3,00 74,80 76,67 80,25 1,56 24,80 62,40
3,15 3,05 76,10 78,00 80,25 1,58 24,80 62,40
3,20 3,10 77,30 79,23 80,25 1,61 24,80 62,40
3,25 3,15 78,50 80,46 80,25 1,63 24,80 62,40
3,30 3,20 79,70 81,69 80,25 1,66 24,80 62,40
3,35 3,25 80,90 82,92 80,25 1,68 24,80 62,40
3,40 3,30 82,10 84,15 80,25 1,71 24,80 62,40
3,45 3,35 83,30 85,38 80,25 1,73 24,80 62,40
3,50 3,40 84,60 86,72 80,25 1,76 24,80 62,40
3,55 3,45 85,80 87,95 80,25 1,78 24,80 62,40
3,60 3,50 87,00 89,18 80,25 1,81 24,80 62,40
3,65 3,55 88,20 90,41 80,25 1,83 24,80 62,40
3,70 3,60 89,40 91,64 80,25 1,86 24,80 62,40
3,75 3,65 90,60 92,87 80,25 1,88 24,80 62,40
3,80 3,70 91,80 94,10 80,25 1,91 24,80 62,40
3,85 3,75 93,00 95,33 80,25 1,93 24,80 62,40
3,90 3,80 94,30 96,66 80,25 1,96 24,80 62,40
3,95 3,85 95,50 97,89 80,25 1,98 24,80 62,40
4,00 3,90 96,70 99,12 80,25 2,01 24,80 62,40
4,05 3,95 97,90 100,35 80,25 2,03 24,80 62,40
4,10 4,00 99,10 101,58 80,25 2,06 24,80 62,40
4,15 4,05 100,30 102,81 80,25 2,08 24,80 62,40
4,20 4,10 101,50 104,04 80,25 2,11 24,80 62,40
4,25 4,15 102,70 105,27 80,25 2,13 24,80 62,40
4,30 4,20 104,00 106,60 80,25 2,16 24,80 62,40
4,35 4,25 105,20 107,83 80,25 2,18 24,80 62,40
4,40 4,30 106,40 109,06 80,25 2,21 24,80 62,40
4,45 4,35 107,60 110,29 80,25 2,23 24,80 62,40
4,50 4,40 108,80 111,52 80,25 2,26 24,80 62,40
4,55 4,45 110,00 112,75 80,25 2,28 24,80 62,40
4,60 4,50 111,20 113,98 80,25 2,31 24,80 62,40
4,65 4,55 112,40 115,21 80,25 2,33 24,80 62,40
4,70 4,60 113,70 116,54 80,25 2,36 24,80 62,40
4,75 4,65 114,90 117,77 80,25 2,38 24,80 62,40
4,80 4,70 116,10 119,00 80,25 2,41 24,80 62,40
4,85 4,75 117,30 120,23 80,25 2,43 24,80 62,40
4,90 4,80 118,50 121,46 80,25 2,46 24,80 62,40
4,95 4,85 119,70 122,69 80,25 2,48 24,80 62,40
5,00 4,90 120,90 123,92 80,25 2,51 24,80 62,40
5,05 4,95 122,10 125,15 80,25 2,53 24,80 62,40
5,10 5,00 123,40 126,49 80,25 2,56 24,80 62,40
5,15 5,05 124,60 127,72 80,25 2,58 24,80 62,40
5,20 5,10 125,80 128,95 80,25 2,61 24,80 62,40
5,25 5,15 127,00 130,18 80,25 2,63 24,80 62,40
5,30 5,20 128,20 131,41 80,25 2,66 24,80 62,40
5,35 5,25 129,40 132,64 80,25 2,68 24,80 62,40
5,40 5,30 130,60 133,87 80,25 2,71 24,80 62,40
5,45 5,35 131,80 135,10 80,25 2,73 24,80 62,40
5,50 5,40 133,10 136,43 80,25 2,76 24,80 62,40
5,55 5,45 134,30 137,66 80,25 2,78 24,80 62,40
5,60 5,50 135,50 138,89 80,25 2,81 24,80 62,40
5,65 5,55 136,70 140,12 80,25 2,83 24,80 62,40
5,70 5,60 137,90 141,35 80,25 2,86 24,80 62,40
5,75 5,65 139,10 142,58 80,25 2,88 24,70 62,40
5,80 5,70 140,30 143,81 80,25 2,91 24,70 62,20
5,85 5,75 141,50 145,04 80,25 2,93 24,70 61,70
5,90 5,80 142,80 146,37 80,25 2,96 24,50 60,70
5,95 5,85 143,90 147,50 80,25 2,98 18,20 44,70
6,00 5,90 145,10 148,73 80,25 3,01 0,00 0,00

TANK 3_W_B__TK_(S)
0,10 0,00 2,30 2,36 80,25 -11,56 0,05 53,70
0,15 0,05 3,40 3,49 80,25 -11,59 0,08 55,70
0,20 0,10 4,60 4,72 80,25 -11,61 0,10 57,30
0,25 0,15 5,80 5,95 80,25 -11,62 0,13 58,60
0,30 0,20 7,00 7,18 80,25 -11,64 0,15 59,70
0,35 0,25 8,20 8,41 80,25 -11,65 0,18 60,60
0,40 0,30 9,40 9,64 80,25 -11,66 0,20 61,20
0,45 0,35 10,60 10,87 80,25 -11,67 0,23 61,70
0,50 0,40 11,80 12,10 80,25 -11,67 0,25 62,10
0,55 0,45 13,00 13,33 80,25 -11,68 0,28 62,30
0,60 0,50 14,20 14,56 80,25 -11,69 0,30 62,40
0,65 0,55 15,40 15,79 80,25 -11,69 0,33 62,40
0,70 0,60 16,60 17,02 80,25 -11,70 0,35 62,40
0,75 0,65 17,90 18,35 80,25 -11,70 0,38 62,40
0,80 0,70 19,10 19,58 80,25 -11,70 0,40 62,40
0,85 0,75 20,30 20,81 80,25 -11,71 0,43 62,40
0,90 0,80 21,50 22,04 80,25 -11,71 0,46 62,40
0,95 0,85 22,70 23,27 80,25 -11,71 0,48 62,40
1,00 0,90 23,90 24,50 80,25 -11,71 0,51 62,40
1,05 0,95 25,10 25,73 80,25 -11,71 0,53 62,40
1,10 1,00 26,30 26,96 80,25 -11,72 0,56 62,40
1,15 1,05 27,60 28,29 80,25 -11,72 0,58 62,40
1,20 1,10 28,80 29,52 80,25 -11,72 0,61 62,40
1,25 1,15 30,00 30,75 80,25 -11,72 0,63 62,40
1,30 1,20 31,20 31,98 80,25 -11,72 0,66 62,40
1,35 1,25 32,40 33,21 80,25 -11,72 0,68 62,40
1,40 1,30 33,60 34,44 80,25 -11,72 0,71 62,40
1,45 1,35 34,80 35,67 80,25 -11,72 0,73 62,40
1,50 1,40 36,00 36,90 80,25 -11,73 0,76 62,40
1,55 1,45 37,30 38,23 80,25 -11,73 0,78 62,40
1,60 1,50 38,50 39,46 80,25 -11,73 0,81 62,40
1,65 1,55 39,70 40,69 80,25 -11,73 0,83 62,40
1,70 1,60 40,90 41,92 80,25 -11,73 0,86 62,40
1,75 1,65 42,10 43,15 80,25 -11,73 0,88 62,40
1,80 1,70 43,30 44,38 80,25 -11,73 0,91 62,40
1,85 1,75 44,50 45,61 80,25 -11,73 0,93 62,40
1,90 1,80 45,70 46,84 80,25 -11,73 0,96 62,40
1,95 1,85 47,00 48,18 80,25 -11,73 0,98 62,40
2,00 1,90 48,20 49,41 80,25 -11,73 1,01 62,40
2,05 1,95 49,40 50,64 80,25 -11,73 1,03 62,40
2,10 2,00 50,60 51,87 80,25 -11,73 1,06 62,40
2,15 2,05 51,80 53,10 80,25 -11,73 1,08 62,40
2,20 2,10 53,00 54,33 80,25 -11,73 1,11 62,40
2,25 2,15 54,20 55,56 80,25 -11,73 1,13 62,40
2,30 2,20 55,40 56,79 80,25 -11,73 1,16 62,40
2,35 2,25 56,70 58,12 80,25 -11,73 1,18 62,40
2,40 2,30 57,90 59,35 80,25 -11,73 1,21 62,40
2,45 2,35 59,10 60,58 80,25 -11,73 1,23 62,40
2,50 2,40 60,30 61,81 80,25 -11,74 1,26 62,40
2,55 2,45 61,50 63,04 80,25 -11,74 1,28 62,40
2,60 2,50 62,70 64,27 80,25 -11,74 1,31 62,40
2,65 2,55 63,90 65,50 80,25 -11,74 1,33 62,40
2,70 2,60 65,10 66,73 80,25 -11,74 1,36 62,40
2,75 2,65 66,40 68,06 80,25 -11,74 1,38 62,40
2,80 2,70 67,60 69,29 80,25 -11,74 1,41 62,40
2,85 2,75 68,80 70,52 80,25 -11,74 1,43 62,40
2,90 2,80 70,00 71,75 80,25 -11,74 1,46 62,40
2,95 2,85 71,20 72,98 80,25 -11,74 1,48 62,40
3,00 2,90 72,40 74,21 80,25 -11,74 1,51 62,40
3,05 2,95 73,60 75,44 80,25 -11,74 1,53 62,40
3,10 3,00 74,80 76,67 80,25 -11,74 1,56 62,40
3,15 3,05 76,10 78,00 80,25 -11,74 1,58 62,40
3,20 3,10 77,30 79,23 80,25 -11,74 1,61 62,40
3,25 3,15 78,50 80,46 80,25 -11,74 1,63 62,40
3,30 3,20 79,70 81,69 80,25 -11,74 1,66 62,40
3,35 3,25 80,90 82,92 80,25 -11,74 1,68 62,40
3,40 3,30 82,10 84,15 80,25 -11,74 1,71 62,40
3,45 3,35 83,30 85,38 80,25 -11,74 1,73 62,40
3,50 3,40 84,60 86,72 80,25 -11,74 1,76 62,40
3,55 3,45 85,80 87,95 80,25 -11,74 1,78 62,40
3,60 3,50 87,00 89,18 80,25 -11,74 1,81 62,40
3,65 3,55 88,20 90,41 80,25 -11,74 1,83 62,40
3,70 3,60 89,40 91,64 80,25 -11,74 1,86 62,40
3,75 3,65 90,60 92,87 80,25 -11,74 1,88 62,40
3,80 3,70 91,80 94,10 80,25 -11,74 1,91 62,40
3,85 3,75 93,00 95,33 80,25 -11,74 1,93 62,40
3,90 3,80 94,30 96,66 80,25 -11,74 1,96 62,40
3,95 3,85 95,50 97,89 80,25 -11,74 1,98 62,40
4,00 3,90 96,70 99,12 80,25 -11,74 2,01 62,40
4,05 3,95 97,90 100,35 80,25 -11,74 2,03 62,40
4,10 4,00 99,10 101,58 80,25 -11,74 2,06 62,40
4,15 4,05 100,30 102,81 80,25 -11,74 2,08 62,40
4,20 4,10 101,50 104,04 80,25 -11,74 2,11 62,40
4,25 4,15 102,70 105,27 80,25 -11,74 2,13 62,40
4,30 4,20 104,00 106,60 80,25 -11,74 2,16 62,40
4,35 4,25 105,20 107,83 80,25 -11,74 2,18 62,40
4,40 4,30 106,40 109,06 80,25 -11,74 2,21 62,40
4,45 4,35 107,60 110,29 80,25 -11,74 2,23 62,40
4,50 4,40 108,80 111,52 80,25 -11,74 2,26 62,40
4,55 4,45 110,00 112,75 80,25 -11,74 2,28 62,40
4,60 4,50 111,20 113,98 80,25 -11,74 2,31 62,40
4,65 4,55 112,40 115,21 80,25 -11,74 2,33 62,40
4,70 4,60 113,70 116,54 80,25 -11,74 2,36 62,40
4,75 4,65 114,90 117,77 80,25 -11,74 2,38 62,40
4,80 4,70 116,10 119,00 80,25 -11,74 2,41 62,40
4,85 4,75 117,30 120,23 80,25 -11,74 2,43 62,40
4,90 4,80 118,50 121,46 80,25 -11,74 2,46 62,40
4,95 4,85 119,70 122,69 80,25 -11,74 2,48 62,40
5,00 4,90 120,90 123,92 80,25 -11,74 2,51 62,40
5,05 4,95 122,10 125,15 80,25 -11,74 2,53 62,40
5,10 5,00 123,40 126,49 80,25 -11,74 2,56 62,40
5,15 5,05 124,60 127,72 80,25 -11,74 2,58 62,40
5,20 5,10 125,80 128,95 80,25 -11,74 2,61 62,40
5,25 5,15 127,00 130,18 80,25 -11,74 2,63 62,40
5,30 5,20 128,20 131,41 80,25 -11,74 2,66 62,40
5,35 5,25 129,40 132,64 80,25 -11,74 2,68 62,40
5,40 5,30 130,60 133,87 80,25 -11,74 2,71 62,40
5,45 5,35 131,80 135,10 80,25 -11,74 2,73 62,40
5,50 5,40 133,10 136,43 80,25 -11,74 2,76 62,40
5,55 5,45 134,30 137,66 80,25 -11,74 2,78 62,40
5,60 5,50 135,50 138,89 80,25 -11,74 2,81 62,40
5,65 5,55 136,70 140,12 80,25 -11,74 2,83 62,40
5,70 5,60 137,90 141,35 80,25 -11,74 2,86 62,40
5,75 5,65 139,10 142,58 80,25 -11,74 2,88 62,40
5,80 5,70 140,30 143,81 80,25 -11,74 2,91 62,20
5,85 5,75 141,50 145,04 80,25 -11,74 2,93 61,70
5,90 5,80 142,80 146,37 80,25 -11,74 2,96 60,70
5,95 5,85 143,90 147,50 80,25 -11,74 2,98 44,70
6,00 5,90 145,10 148,73 80,25 -11,74 3,01 0,00

TANK 4_W_B__TK_(P)
0,10 0,00 2,70 2,77 85,13 11,56 0,05 257,70
0,15 0,05 4,10 4,20 85,13 10,96 0,08 263,60
0,20 0,10 5,60 5,74 85,13 10,98 0,10 268,20
0,25 0,15 7,00 7,18 85,13 11,00 0,13 271,90
0,30 0,20 8,40 8,61 85,13 11,01 0,15 274,90
0,35 0,25 9,90 10,15 85,13 11,02 0,18 277,30
0,40 0,30 11,30 11,58 85,13 11,03 0,20 279,20
0,45 0,35 12,80 13,12 85,13 11,04 0,23 280,70
0,50 0,40 14,30 14,66 85,13 11,05 0,25 281,70
0,55 0,45 15,70 16,09 85,13 11,05 0,28 282,30
0,60 0,50 17,20 17,63 85,13 11,06 0,30 282,50
0,65 0,55 18,70 19,17 85,13 11,06 0,33 282,50
0,70 0,60 20,10 20,60 85,13 11,07 0,35 282,50
0,75 0,65 21,60 22,14 85,13 11,07 0,38 282,50
0,80 0,70 23,10 23,68 85,13 11,07 0,40 282,50
0,85 0,75 24,50 25,11 85,13 11,07 0,43 282,50
0,90 0,80 26,00 26,65 85,13 11,08 0,46 282,50
0,95 0,85 27,50 28,19 85,13 11,08 0,48 282,50
1,00 0,90 29,00 29,73 85,13 11,08 0,51 282,50
1,05 0,95 30,40 31,16 85,13 11,08 0,53 282,50
1,10 1,00 31,90 32,70 85,13 11,08 0,56 282,50
1,15 1,05 33,40 34,24 85,13 11,09 0,58 282,50
1,20 1,10 36,50 37,41 85,27 11,12 0,63 117,40
1,25 1,15 39,80 40,80 85,39 11,16 0,64 114,50
1,30 1,20 41,60 42,64 85,41 11,20 0,67 68,00
1,35 1,25 43,50 44,59 85,44 11,22 0,70 73,00
1,40 1,30 45,50 46,64 85,47 11,24 0,73 75,80
1,45 1,35 47,40 48,59 85,50 11,26 0,75 78,00
1,50 1,40 49,40 50,64 85,52 11,28 0,78 79,90
1,55 1,45 51,30 52,58 85,54 11,29 0,81 81,90
1,60 1,50 53,30 54,63 85,57 11,31 0,84 83,00
1,65 1,55 55,30 56,68 85,59 11,32 0,87 83,80
1,70 1,60 57,30 58,73 85,61 11,33 0,90 84,00
1,75 1,65 59,20 60,68 85,63 11,34 0,92 84,00
1,80 1,70 61,20 62,73 85,64 11,36 0,95 84,00
1,85 1,75 63,20 64,78 85,66 11,37 0,98 84,00
1,90 1,80 65,10 66,73 85,67 11,38 1,00 84,10
1,95 1,85 67,10 68,78 85,69 11,38 1,03 84,10
2,00 1,90 69,10 70,83 85,70 11,39 1,06 84,20
2,05 1,95 71,00 72,78 85,71 11,40 1,09 84,20
2,10 2,00 73,00 74,83 85,73 11,41 1,11 84,20
2,15 2,05 75,00 76,88 85,74 11,42 1,14 84,20
2,20 2,10 77,00 78,93 85,75 11,42 1,17 84,20
2,25 2,15 78,90 80,87 85,76 11,43 1,19 84,10
2,30 2,20 80,90 82,92 85,77 11,44 1,22 84,10
2,35 2,25 82,90 84,97 85,78 11,44 1,24 84,10
2,40 2,30 84,80 86,92 85,79 11,45 1,27 84,10
2,45 2,35 86,80 88,97 85,80 11,45 1,30 84,00
2,50 2,40 88,80 91,02 85,80 11,46 1,32 84,00
2,55 2,45 90,80 93,07 85,81 11,47 1,35 84,00
2,60 2,50 92,70 95,02 85,82 11,47 1,38 84,00
2,65 2,55 94,70 97,07 85,83 11,47 1,40 84,00
2,70 2,60 96,70 99,12 85,83 11,48 1,43 84,00
2,75 2,65 98,60 101,07 85,84 11,48 1,45 84,00
2,80 2,70 100,60 103,12 85,84 11,49 1,48 84,00
2,85 2,75 102,60 105,17 85,85 11,49 1,51 84,00
2,90 2,80 104,60 107,22 85,86 11,50 1,53 84,00
2,95 2,85 106,50 109,16 85,86 11,50 1,56 84,00
3,00 2,90 108,50 111,21 85,87 11,50 1,58 84,00
3,05 2,95 110,50 113,26 85,87 11,51 1,61 84,00
3,10 3,00 112,40 115,21 85,88 11,51 1,63 84,00
3,15 3,05 114,40 117,26 85,88 11,51 1,66 84,00
3,20 3,10 116,40 119,31 85,89 11,52 1,69 84,00
3,25 3,15 118,30 121,26 85,89 11,52 1,71 84,00
3,30 3,20 120,30 123,31 85,90 11,52 1,74 84,00
3,35 3,25 122,30 125,36 85,90 11,52 1,76 84,00
3,40 3,30 124,30 127,41 85,90 11,53 1,79 84,00
3,45 3,35 126,20 129,36 85,91 11,53 1,81 84,00
3,50 3,40 128,20 131,41 85,91 11,53 1,84 84,00
3,55 3,45 130,20 133,46 85,92 11,53 1,86 84,00
3,60 3,50 132,10 135,40 85,92 11,54 1,89 84,00
3,65 3,55 134,10 137,45 85,92 11,54 1,92 84,00
3,70 3,60 136,10 139,50 85,93 11,54 1,94 84,00
3,75 3,65 138,10 141,55 85,93 11,54 1,97 84,00
3,80 3,70 140,00 143,50 85,93 11,55 1,99 84,00
3,85 3,75 142,00 145,55 85,94 11,55 2,02 84,00
3,90 3,80 144,00 147,60 85,94 11,55 2,04 84,00
3,95 3,85 145,90 149,55 85,94 11,55 2,07 84,00
4,00 3,90 147,90 151,60 85,95 11,55 2,09 84,00
4,05 3,95 147,80 151,50 85,97 11,71 2,15 84,00
4,10 4,00 149,80 153,55 85,97 11,71 2,17 84,00
4,15 4,05 151,80 155,60 85,98 11,71 2,20 84,00
4,20 4,10 153,70 157,54 85,98 11,71 2,22 84,00
4,25 4,15 155,70 159,59 85,98 11,71 2,25 84,00
4,30 4,20 157,70 161,64 85,98 11,71 2,27 84,00
4,35 4,25 159,70 163,69 85,99 11,71 2,30 84,00
4,40 4,30 161,60 165,64 85,99 11,71 2,33 84,00
4,45 4,35 163,60 167,69 85,99 11,71 2,35 84,00
4,50 4,40 165,60 169,74 85,99 11,71 2,38 0,00

TANK 4_W_B__TK_(S)
0,10 0,00 2,70 2,77 85,13 -11,56 0,05 257,70
0,15 0,05 4,10 4,20 85,13 -10,96 0,08 263,60
0,20 0,10 5,60 5,74 85,13 -10,98 0,10 268,20
0,25 0,15 7,00 7,18 85,13 -11,00 0,13 271,90
0,30 0,20 8,40 8,61 85,13 -11,01 0,15 274,90
0,35 0,25 9,90 10,15 85,13 -11,02 0,18 277,30
0,40 0,30 11,30 11,58 85,13 -11,03 0,20 279,20
0,45 0,35 12,80 13,12 85,13 -11,04 0,23 280,70
0,50 0,40 14,30 14,66 85,13 -11,05 0,25 281,70
0,55 0,45 15,70 16,09 85,13 -11,05 0,28 282,30
0,60 0,50 17,20 17,63 85,13 -11,06 0,30 282,50
0,65 0,55 18,70 19,17 85,13 -11,06 0,33 282,50
0,70 0,60 20,10 20,60 85,13 -11,07 0,35 282,50
0,75 0,65 21,60 22,14 85,13 -11,07 0,38 282,50
0,80 0,70 23,10 23,68 85,13 -11,07 0,40 282,50
0,85 0,75 24,50 25,11 85,13 -11,07 0,43 282,50
0,90 0,80 26,00 26,65 85,13 -11,08 0,46 282,50
0,95 0,85 27,50 28,19 85,13 -11,08 0,48 282,50
1,00 0,90 29,00 29,73 85,13 -11,08 0,51 282,50
1,05 0,95 30,40 31,16 85,13 -11,08 0,53 282,50
1,10 1,00 31,90 32,70 85,13 -11,08 0,56 282,50
1,15 1,05 33,40 34,24 85,13 -11,09 0,58 282,50
1,20 1,10 36,50 37,41 85,27 -11,12 0,63 117,40
1,25 1,15 39,80 40,80 85,39 -11,16 0,64 114,50
1,30 1,20 41,60 42,64 85,41 -11,20 0,67 68,00
1,35 1,25 43,50 44,59 85,44 -11,22 0,70 73,00
1,40 1,30 45,50 46,64 85,47 -11,24 0,73 75,80
1,45 1,35 47,40 48,59 85,50 -11,26 0,75 78,00
1,50 1,40 49,40 50,64 85,52 -11,28 0,78 79,90
1,55 1,45 51,30 52,58 85,54 -11,29 0,81 81,90
1,60 1,50 53,30 54,63 85,57 -11,31 0,84 83,00
1,65 1,55 55,30 56,68 85,59 -11,32 0,87 83,80
1,70 1,60 57,30 58,73 85,61 -11,33 0,90 84,00
1,75 1,65 59,20 60,68 85,63 -11,34 0,92 84,00
1,80 1,70 61,20 62,73 85,64 -11,36 0,95 84,00
1,85 1,75 63,20 64,78 85,66 -11,37 0,98 84,00
1,90 1,80 65,10 66,73 85,67 -11,38 1,00 84,10
1,95 1,85 67,10 68,78 85,69 -11,38 1,03 84,10
2,00 1,90 69,10 70,83 85,70 -11,39 1,06 84,20
2,05 1,95 71,00 72,78 85,71 -11,40 1,09 84,20
2,10 2,00 73,00 74,83 85,73 -11,41 1,11 84,20
2,15 2,05 75,00 76,88 85,74 -11,42 1,14 84,20
2,20 2,10 77,00 78,93 85,75 -11,42 1,17 84,20
2,25 2,15 78,90 80,87 85,76 -11,43 1,19 84,10
2,30 2,20 80,90 82,92 85,77 -11,44 1,22 84,10
2,35 2,25 82,90 84,97 85,78 -11,44 1,24 84,10
2,40 2,30 84,80 86,92 85,79 -11,45 1,27 84,10
2,45 2,35 86,80 88,97 85,80 -11,45 1,30 84,00
2,50 2,40 88,80 91,02 85,80 -11,46 1,32 84,00
2,55 2,45 90,80 93,07 85,81 -11,47 1,35 84,00
2,60 2,50 92,70 95,02 85,82 -11,47 1,38 84,00
2,65 2,55 94,70 97,07 85,83 -11,47 1,40 84,00
2,70 2,60 96,70 99,12 85,83 -11,48 1,43 84,00
2,75 2,65 98,60 101,07 85,84 -11,48 1,45 84,00
2,80 2,70 100,60 103,12 85,84 -11,49 1,48 84,00
2,85 2,75 102,60 105,17 85,85 -11,49 1,51 84,00
2,90 2,80 104,60 107,22 85,86 -11,50 1,53 84,00
2,95 2,85 106,50 109,16 85,86 -11,50 1,56 84,00
3,00 2,90 108,50 111,21 85,87 -11,50 1,58 84,00
3,05 2,95 110,50 113,26 85,87 -11,51 1,61 84,00
3,10 3,00 112,40 115,21 85,88 -11,51 1,63 84,00
3,15 3,05 114,40 117,26 85,88 -11,51 1,66 84,00
3,20 3,10 116,40 119,31 85,89 -11,52 1,69 84,00
3,25 3,15 118,30 121,26 85,89 -11,52 1,71 84,00
3,30 3,20 120,30 123,31 85,90 -11,52 1,74 84,00
3,35 3,25 122,30 125,36 85,90 -11,52 1,76 84,00
3,40 3,30 124,30 127,41 85,90 -11,53 1,79 84,00
3,45 3,35 126,20 129,36 85,91 -11,53 1,81 84,00
3,50 3,40 128,20 131,41 85,91 -11,53 1,84 84,00
3,55 3,45 130,20 133,46 85,92 -11,53 1,86 84,00
3,60 3,50 132,10 135,40 85,92 -11,54 1,89 84,00
3,65 3,55 134,10 137,45 85,92 -11,54 1,92 84,00
3,70 3,60 136,10 139,50 85,93 -11,54 1,94 84,00
3,75 3,65 138,10 141,55 85,93 -11,54 1,97 84,00
3,80 3,70 140,00 143,50 85,93 -11,55 1,99 84,00
3,85 3,75 142,00 145,55 85,94 -11,55 2,02 84,00
3,90 3,80 144,00 147,60 85,94 -11,55 2,04 84,00
3,95 3,85 145,90 149,55 85,94 -11,55 2,07 84,00
4,00 3,90 147,90 151,60 85,95 -11,55 2,09 84,00
4,05 3,95 147,80 151,50 85,97 -11,71 2,15 84,00
4,10 4,00 149,80 153,55 85,97 -11,71 2,17 84,00
4,15 4,05 151,80 155,60 85,98 -11,71 2,20 84,00
4,20 4,10 153,70 157,54 85,98 -11,71 2,22 84,00
4,25 4,15 155,70 159,59 85,98 -11,71 2,25 84,00
4,30 4,20 157,70 161,64 85,98 -11,71 2,27 84,00
4,35 4,25 159,70 163,69 85,99 -11,71 2,30 84,00
4,40 4,30 161,60 165,64 85,99 -11,71 2,33 84,00
4,45 4,35 163,60 167,69 85,99 -11,71 2,35 84,00
4,50 4,40 165,60 169,74 85,99 -11,71 2,38 0,00

TANK 5_W_B__TK_(P)
0,10 0,00 2,70 2,77 85,13 6,50 0,05 112,40
0,15 0,05 4,00 4,10 85,13 6,50 0,08 112,40
0,20 0,10 5,30 5,43 85,13 6,50 0,10 112,40
0,25 0,15 6,70 6,87 85,13 6,15 0,13 112,40
0,30 0,20 8,00 8,20 85,13 6,15 0,15 112,40
0,35 0,25 9,30 9,53 85,13 6,15 0,17 112,40
0,40 0,30 10,70 10,97 85,13 6,15 0,20 112,40
0,45 0,35 12,00 12,30 85,13 6,15 0,22 112,40
0,50 0,40 13,30 13,63 85,13 6,15 0,25 112,40
0,55 0,45 14,70 15,07 85,13 6,15 0,28 112,40
0,60 0,50 16,00 16,40 85,13 6,15 0,30 112,40
0,65 0,55 17,40 17,84 85,13 6,15 0,32 112,40
0,70 0,60 18,70 19,17 85,13 6,15 0,35 112,40
0,75 0,65 20,00 20,50 85,13 6,15 0,38 112,40
0,80 0,70 21,40 21,94 85,13 6,15 0,40 112,40
0,85 0,75 22,70 23,27 85,13 6,15 0,43 112,40
0,90 0,80 24,00 24,60 85,13 6,15 0,45 112,40
0,95 0,85 25,40 26,04 85,13 6,15 0,47 112,40
1,00 0,90 26,70 27,37 85,13 6,15 0,50 112,40
1,05 0,95 28,00 28,70 85,13 6,15 0,52 112,40
1,10 1,00 29,40 30,14 85,13 6,15 0,55 112,40
1,15 1,05 30,70 31,47 85,13 6,15 0,57 112,40
1,20 1,10 33,80 34,65 85,28 6,18 0,63 74,30
1,25 1,15 37,00 37,93 85,41 6,21 0,63 74,30
1,30 1,20 38,30 39,26 85,42 6,22 0,66 74,30
1,35 1,25 40,10 41,10 85,45 6,23 0,69 76,30
1,40 1,30 41,90 42,95 85,48 6,24 0,72 76,30
1,45 1,35 43,70 44,79 85,51 6,25 0,75 76,30
1,50 1,40 45,50 46,64 85,54 6,26 0,78 76,30
1,55 1,45 47,30 48,48 85,56 6,27 0,81 77,10
1,60 1,50 49,10 50,33 85,59 6,28 0,84 77,10
1,65 1,55 50,90 52,17 85,61 6,29 0,86 77,10
1,70 1,60 52,70 54,02 85,63 6,30 0,89 77,10
1,75 1,65 54,60 55,97 85,65 6,30 0,92 77,10
1,80 1,70 56,40 57,81 85,66 6,31 0,95 77,10
1,85 1,75 58,20 59,66 85,68 6,32 0,97 77,10
1,90 1,80 60,00 61,50 85,70 6,32 1,00 77,10
1,95 1,85 61,80 63,35 85,71 6,33 1,03 77,10
2,00 1,90 63,60 65,19 85,73 6,33 1,06 77,10
2,05 1,95 65,40 67,04 85,74 6,34 1,08 77,10
2,10 2,00 67,30 68,98 85,75 6,34 1,11 77,10
2,15 2,05 69,10 70,83 85,76 6,34 1,14 77,10
2,20 2,10 70,90 72,67 85,77 6,35 1,16 77,10
2,25 2,15 72,70 74,52 85,78 6,35 1,19 77,10
2,30 2,20 74,50 76,36 85,79 6,36 1,22 77,10
2,35 2,25 76,30 78,21 85,80 6,36 1,24 77,10
2,40 2,30 78,10 80,05 85,81 6,36 1,27 77,10
2,45 2,35 79,90 81,90 85,82 6,37 1,29 77,10
2,50 2,40 81,80 83,85 85,83 6,37 1,32 0,00

TANK 5_W_B__TK_(S)
0,10 0,00 2,70 2,77 85,13 -6,50 0,05 112,40
0,15 0,05 4,00 4,10 85,13 -6,50 0,08 112,40
0,20 0,10 5,30 5,43 85,13 -6,50 0,10 112,40
0,25 0,15 6,70 6,87 85,13 -6,15 0,13 112,40
0,30 0,20 8,00 8,20 85,13 -6,15 0,15 112,40
0,35 0,25 9,30 9,53 85,13 -6,15 0,17 112,40
0,40 0,30 10,70 10,97 85,13 -6,15 0,20 112,40
0,45 0,35 12,00 12,30 85,13 -6,15 0,22 112,40
0,50 0,40 13,30 13,63 85,13 -6,15 0,25 112,40
0,55 0,45 14,70 15,07 85,13 -6,15 0,28 112,40
0,60 0,50 16,00 16,40 85,13 -6,15 0,30 112,40
0,65 0,55 17,40 17,84 85,13 -6,15 0,32 112,40
0,70 0,60 18,70 19,17 85,13 -6,15 0,35 112,40
0,75 0,65 20,00 20,50 85,13 -6,15 0,38 112,40
0,80 0,70 21,40 21,94 85,13 -6,15 0,40 112,40
0,85 0,75 22,70 23,27 85,13 -6,15 0,43 112,40
0,90 0,80 24,00 24,60 85,13 -6,15 0,45 112,40
0,95 0,85 25,40 26,04 85,13 -6,15 0,47 112,40
1,00 0,90 26,70 27,37 85,13 -6,15 0,50 112,40
1,05 0,95 28,00 28,70 85,13 -6,15 0,52 112,40
1,10 1,00 29,40 30,14 85,13 -6,15 0,55 112,40
1,15 1,05 40,20 41,21 86,07 -6,50 0,58 112,40
1,20 1,10 33,80 34,65 85,28 -6,18 0,63 74,30
1,25 1,15 37,00 37,93 85,41 -6,21 0,63 74,30
1,30 1,20 38,30 39,26 85,42 -6,22 0,66 74,30
1,35 1,25 40,10 41,10 85,45 -6,23 0,69 76,30
1,40 1,30 41,90 42,95 85,48 -6,24 0,72 76,30
1,45 1,35 43,70 44,79 85,51 -6,25 0,75 76,30
1,50 1,40 46,00 47,15 85,59 -6,27 0,78 76,30
1,55 1,45 47,30 48,48 85,56 -6,27 0,81 77,10
1,60 1,50 49,10 50,33 85,59 -6,28 0,84 77,10
1,65 1,55 50,90 52,17 85,61 -6,29 0,86 77,10
1,70 1,60 52,70 54,02 85,63 -6,30 0,89 77,10
1,75 1,65 54,60 55,97 85,65 -6,30 0,92 77,10
1,80 1,70 56,40 57,81 85,66 -6,31 0,95 77,10
1,85 1,75 58,20 59,66 85,68 -6,32 0,97 77,10
1,90 1,80 60,00 61,50 85,70 -6,32 1,00 77,10
1,95 1,85 61,80 63,35 85,71 -6,33 1,03 77,10
2,00 1,90 63,60 65,19 85,73 -6,33 1,06 77,10
2,05 1,95 65,40 67,04 85,74 -6,34 1,08 77,10
2,10 2,00 67,30 68,98 85,75 -6,34 1,11 77,10
2,15 2,05 69,10 70,83 85,76 -6,34 1,14 77,10
2,20 2,10 70,90 72,67 85,77 -6,35 1,16 77,10
2,25 2,15 72,70 74,52 85,78 -6,35 1,19 77,10
2,30 2,20 74,50 76,36 85,79 -6,36 1,22 77,10
2,35 2,25 76,30 78,21 85,80 -6,36 1,24 77,10
2,40 2,30 78,10 80,05 85,81 -6,36 1,27 77,10
2,45 2,35 79,90 81,90 85,82 -6,37 1,29 77,10
2,50 2,40 81,80 83,85 85,83 -6,37 1,32 0,00

TANK 6_W_B__TK_(C)
0,10 0,00 4,50 4,61 85,25 0,00 0,05 232,40
0,15 0,05 6,70 6,87 85,25 0,00 0,07 232,40
0,20 0,10 9,00 9,23 85,25 0,00 0,10 232,40
0,25 0,15 11,20 11,48 85,25 0,00 0,13 232,40
0,30 0,20 13,50 13,84 85,25 0,00 0,15 232,40
0,35 0,25 15,70 16,09 85,25 0,00 0,17 232,40
0,40 0,30 18,00 18,45 85,25 0,00 0,20 232,40
0,45 0,35 20,20 20,71 85,25 0,00 0,23 232,40
0,50 0,40 22,50 23,06 85,25 0,00 0,25 232,40
0,55 0,45 24,70 25,32 85,25 0,00 0,28 232,40
0,60 0,50 27,00 27,68 85,25 0,00 0,30 232,40
0,65 0,55 29,20 29,93 85,25 0,00 0,33 232,40
0,70 0,60 31,50 32,29 85,25 0,00 0,35 232,40
0,75 0,65 33,70 34,54 85,25 0,00 0,38 232,40
0,80 0,70 36,00 36,90 85,25 0,00 0,40 232,40
0,85 0,75 38,20 39,16 85,25 0,00 0,43 232,40
0,90 0,80 38,40 39,36 85,31 0,00 0,47 232,40
0,95 0,85 40,60 41,62 85,31 0,00 0,50 232,40
1,00 0,90 42,90 43,97 85,32 0,00 0,53 36,70
1,05 0,95 42,90 43,97 85,32 0,00 0,53 0,00
1,10 1,00 42,90 43,97 85,32 0,00 0,53 0,00
1,15 1,05 42,90 43,97 85,32 0,00 0,53 0,00
1,20 1,10 42,90 43,97 85,32 0,00 0,53 0,00
1,25 1,15 42,90 43,97 85,32 0,00 0,53 0,00
1,30 1,20 42,90 43,97 85,32 0,00 0,53 0,00
1,35 1,25 42,90 43,97 85,32 0,00 0,53 0,00
1,40 1,30 42,90 43,97 85,32 0,00 0,53 0,00
1,45 1,35 42,90 43,97 85,32 0,00 0,53 0,00
1,50 1,40 42,90 43,97 85,32 0,00 0,53 0,00

TANK 7_DB_W_B__TK_(C)
0,10 0,00 7,40 7,59 24,00 0,00 0,05 156,30
0,15 0,05 11,00 11,28 24,00 0,00 0,08 156,30
0,20 0,10 14,70 15,07 24,00 0,00 0,10 156,30
0,25 0,15 18,40 18,86 24,00 0,00 0,13 156,30
0,30 0,20 22,10 22,65 24,00 0,00 0,15 156,30
0,35 0,25 25,70 26,34 24,00 0,00 0,17 156,30
0,40 0,30 29,40 30,14 24,00 0,00 0,20 156,30
0,45 0,35 33,10 33,93 24,00 0,00 0,23 156,30
0,50 0,40 36,70 37,62 24,00 0,00 0,25 156,30
0,55 0,45 40,40 41,41 24,00 0,00 0,28 156,30
0,60 0,50 44,10 45,20 24,00 0,00 0,30 156,30
0,65 0,55 47,80 49,00 24,00 0,00 0,32 156,30
0,70 0,60 51,50 52,79 24,00 0,00 0,35 156,30
0,75 0,65 55,10 56,48 24,00 0,00 0,38 156,30
0,80 0,70 58,80 60,27 24,00 0,00 0,40 156,30
0,85 0,75 62,50 64,06 24,00 0,00 0,43 156,30
0,90 0,80 66,20 67,86 24,00 0,00 0,45 156,30
0,95 0,85 69,80 71,55 24,00 0,00 0,47 156,30
1,00 0,90 73,50 75,34 24,00 0,00 0,50 156,30
1,05 0,95 77,20 79,13 24,00 0,00 0,53 156,30
1,10 1,00 80,80 82,82 24,00 0,00 0,55 156,30
1,15 1,05 84,50 86,61 24,00 0,00 0,57 156,30
1,20 1,10 88,20 90,41 24,00 0,00 0,60 156,30
1,25 1,15 91,90 94,20 24,00 0,00 0,63 156,30
1,30 1,20 95,60 97,99 24,00 0,00 0,65 156,30
1,35 1,25 99,20 101,68 24,00 0,00 0,68 156,30
1,40 1,30 102,90 105,47 24,00 0,00 0,70 156,30
1,45 1,35 106,60 109,27 24,00 0,00 0,73 156,30
1,50 1,40 110,30 113,06 24,00 0,00 0,75 156,30
1,55 1,45 113,90 116,75 24,00 0,00 0,78 156,30
1,60 1,50 117,60 120,54 24,00 0,00 0,80 156,30
1,65 1,55 121,30 124,33 24,00 0,00 0,82 156,30
1,70 1,60 125,00 128,13 24,00 0,00 0,85 156,30
1,75 1,65 128,60 131,82 24,00 0,00 0,88 156,30
1,80 1,70 132,30 135,61 24,00 0,00 0,90 156,30
1,85 1,75 136,00 139,40 24,00 0,00 0,93 156,30
1,90 1,80 139,70 143,19 24,00 0,00 0,95 156,30
1,95 1,85 143,30 146,88 24,00 0,00 0,98 156,30
2,00 1,90 147,00 150,68 24,00 0,00 1,00 0,00

TANK 8_DB_W_B__TK_(P)
0,10 0,00 5,90 6,05 37,50 6,50 0,05 125,00
0,15 0,05 8,80 9,02 37,50 6,50 0,08 125,00
0,20 0,10 11,80 12,10 37,50 6,50 0,10 125,00
0,25 0,15 14,70 15,07 37,50 6,50 0,13 125,00
0,30 0,20 17,60 18,04 37,50 6,50 0,15 125,00
0,35 0,25 20,60 21,12 37,50 6,50 0,17 125,00
0,40 0,30 23,50 24,09 37,50 6,50 0,20 125,00
0,45 0,35 26,50 27,16 37,50 6,50 0,23 125,00
0,50 0,40 29,40 30,14 37,50 6,50 0,25 125,00
0,55 0,45 32,30 33,11 37,50 6,50 0,28 125,00
0,60 0,50 35,30 36,18 37,50 6,50 0,30 125,00
0,65 0,55 38,20 39,16 37,50 6,50 0,32 125,00
0,70 0,60 41,20 42,23 37,50 6,50 0,35 125,00
0,75 0,65 44,10 45,20 37,50 6,50 0,38 125,00
0,80 0,70 47,00 48,18 37,50 6,50 0,40 125,00
0,85 0,75 50,00 51,25 37,50 6,50 0,43 125,00
0,90 0,80 52,90 54,22 37,50 6,50 0,45 125,00
0,95 0,85 55,90 57,30 37,50 6,50 0,47 125,00
1,00 0,90 58,80 60,27 37,50 6,50 0,50 125,00
1,05 0,95 61,70 63,24 37,50 6,50 0,53 125,00
1,10 1,00 64,70 66,32 37,50 6,50 0,55 125,00
1,15 1,05 67,60 69,29 37,50 6,50 0,57 125,00
1,20 1,10 70,60 72,37 37,50 6,50 0,60 125,00
1,25 1,15 73,50 75,34 37,50 6,50 0,63 125,00
1,30 1,20 76,40 78,31 37,50 6,50 0,65 125,00
1,35 1,25 79,40 81,39 37,50 6,50 0,68 125,00
1,40 1,30 82,30 84,36 37,50 6,50 0,70 125,00
1,45 1,35 85,30 87,43 37,50 6,50 0,73 125,00
1,50 1,40 88,20 90,41 37,50 6,50 0,75 125,00
1,55 1,45 91,10 93,38 37,50 6,50 0,77 125,00
1,60 1,50 94,10 96,45 37,50 6,50 0,80 125,00
1,65 1,55 97,00 99,43 37,50 6,50 0,82 125,00
1,70 1,60 100,00 102,50 37,50 6,50 0,85 125,00
1,75 1,65 102,90 105,47 37,50 6,50 0,88 125,00
1,80 1,70 105,80 108,45 37,50 6,50 0,90 125,00
1,85 1,75 108,80 111,52 37,50 6,50 0,93 125,00
1,90 1,80 111,70 114,49 37,50 6,50 0,95 125,00
1,95 1,85 114,70 117,57 37,50 6,50 0,98 125,00
2,00 1,90 117,60 120,54 37,50 6,50 1,00 0,00

TANK 8_DB_W_B__TK_(S)
0,10 0,00 5,90 6,05 37,50 -6,50 0,05 125,00
0,15 0,05 8,80 9,02 37,50 -6,50 0,08 125,00
0,20 0,10 11,80 12,10 37,50 -6,50 0,10 125,00
0,25 0,15 14,70 15,07 37,50 -6,50 0,13 125,00
0,30 0,20 17,60 18,04 37,50 -6,50 0,15 125,00
0,35 0,25 20,60 21,12 37,50 -6,50 0,17 125,00
0,40 0,30 23,50 24,09 37,50 -6,50 0,20 125,00
0,45 0,35 26,50 27,16 37,50 -6,50 0,23 125,00
0,50 0,40 29,40 30,14 37,50 -6,50 0,25 125,00
0,55 0,45 32,30 33,11 37,50 -6,50 0,28 125,00
0,60 0,50 35,30 36,18 37,50 -6,50 0,30 125,00
0,65 0,55 38,20 39,16 37,50 -6,50 0,32 125,00
0,70 0,60 41,20 42,23 37,50 -6,50 0,35 125,00
0,75 0,65 44,10 45,20 37,50 -6,50 0,38 125,00
0,80 0,70 47,00 48,18 37,50 -6,50 0,40 125,00
0,85 0,75 50,00 51,25 37,50 -6,50 0,43 125,00
0,90 0,80 52,90 54,22 37,50 -6,50 0,45 125,00
0,95 0,85 55,90 57,30 37,50 -6,50 0,47 125,00
1,00 0,90 58,80 60,27 37,50 -6,50 0,50 125,00
1,05 0,95 61,70 63,24 37,50 -6,50 0,53 125,00
1,10 1,00 64,70 66,32 37,50 -6,50 0,55 125,00
1,15 1,05 67,60 69,29 37,50 -6,50 0,57 125,00
1,20 1,10 70,60 72,37 37,50 -6,50 0,60 125,00
1,25 1,15 73,50 75,34 37,50 -6,50 0,63 125,00
1,30 1,20 76,40 78,31 37,50 -6,50 0,65 125,00
1,35 1,25 79,40 81,39 37,50 -6,50 0,68 125,00
1,40 1,30 82,30 84,36 37,50 -6,50 0,70 125,00
1,45 1,35 85,30 87,43 37,50 -6,50 0,73 125,00
1,50 1,40 88,20 90,41 37,50 -6,50 0,75 125,00
1,55 1,45 91,10 93,38 37,50 -6,50 0,77 125,00
1,60 1,50 94,10 96,45 37,50 -6,50 0,80 125,00
1,65 1,55 97,00 99,43 37,50 -6,50 0,82 125,00
1,70 1,60 100,00 102,50 37,50 -6,50 0,85 125,00
1,75 1,65 102,90 105,47 37,50 -6,50 0,88 125,00
1,80 1,70 105,80 108,45 37,50 -6,50 0,90 125,00
1,85 1,75 108,80 111,52 37,50 -6,50 0,93 125,00
1,90 1,80 111,70 114,49 37,50 -6,50 0,95 125,00
1,95 1,85 114,70 117,57 37,50 -6,50 0,98 125,00
2,00 1,90 117,60 120,54 37,50 -6,50 1,00 0,00

TANK 9_DB_W_B__TK_(P)
0,10 0,00 4,40 4,51 52,50 1,25 0,05 23,40
0,15 0,05 6,60 6,77 52,50 1,25 0,08 23,40
0,20 0,10 8,80 9,02 52,50 1,25 0,10 23,40
0,25 0,15 11,00 11,28 52,50 1,25 0,13 23,40
0,30 0,20 13,20 13,53 52,50 1,25 0,15 23,40
0,35 0,25 15,40 15,79 52,50 1,25 0,17 23,40
0,40 0,30 17,60 18,04 52,50 1,25 0,20 23,40
0,45 0,35 19,80 20,30 52,50 1,25 0,23 23,40
0,50 0,40 22,00 22,55 52,50 1,25 0,25 23,40
0,55 0,45 24,30 24,91 52,50 1,25 0,28 23,40
0,60 0,50 26,50 27,16 52,50 1,25 0,30 23,40
0,65 0,55 28,70 29,42 52,50 1,25 0,32 23,40
0,70 0,60 30,90 31,67 52,50 1,25 0,35 23,40
0,75 0,65 33,10 33,93 52,50 1,25 0,38 23,40
0,80 0,70 35,30 36,18 52,50 1,25 0,40 23,40
0,85 0,75 37,50 38,44 52,50 1,25 0,43 23,40
0,90 0,80 39,70 40,69 52,50 1,25 0,45 23,40
0,95 0,85 41,90 42,95 52,50 1,25 0,47 23,40
1,00 0,90 44,10 45,20 52,50 1,25 0,50 23,40
1,05 0,95 46,30 47,46 52,50 1,25 0,53 23,40
1,10 1,00 48,50 49,71 52,50 1,25 0,55 23,40
1,15 1,05 50,70 51,97 52,50 1,25 0,58 23,40
1,20 1,10 52,90 54,22 52,50 1,25 0,60 23,40
1,25 1,15 55,10 56,48 52,50 1,25 0,63 23,40
1,30 1,20 57,30 58,73 52,50 1,25 0,65 23,40
1,35 1,25 59,50 60,99 52,50 1,25 0,68 23,40
1,40 1,30 61,70 63,24 52,50 1,25 0,70 23,40
1,45 1,35 63,90 65,50 52,50 1,25 0,73 23,40
1,50 1,40 66,20 67,86 52,50 1,25 0,75 23,40
1,55 1,45 68,40 70,11 52,50 1,25 0,77 23,40
1,60 1,50 70,60 72,37 52,50 1,25 0,80 23,40
1,65 1,55 72,80 74,62 52,50 1,25 0,82 23,40
1,70 1,60 75,00 76,88 52,50 1,25 0,85 23,40
1,75 1,65 77,20 79,13 52,50 1,25 0,88 23,40
1,80 1,70 79,40 81,39 52,50 1,25 0,90 23,40
1,85 1,75 81,60 83,64 52,50 1,25 0,92 23,40
1,90 1,80 83,80 85,90 52,50 1,25 0,95 23,40
1,95 1,85 86,00 88,15 52,50 1,25 0,98 23,40
2,00 1,90 88,20 90,41 52,50 1,25 1,00 0,00

TANK 9_DB_W_B__TK_(P)
0,10 0,00 4,40 4,51 52,50 -1,25 0,05 23,40
0,15 0,05 6,60 6,77 52,50 -1,25 0,08 23,40
0,20 0,10 8,80 9,02 52,50 -1,25 0,10 23,40
0,25 0,15 11,00 11,28 52,50 -1,25 0,13 23,40
0,30 0,20 13,20 13,53 52,50 -1,25 0,15 23,40
0,35 0,25 15,40 15,79 52,50 -1,25 0,17 23,40
0,40 0,30 17,60 18,04 52,50 -1,25 0,20 23,40
0,45 0,35 19,80 20,30 52,50 -1,25 0,23 23,40
0,50 0,40 22,00 22,55 52,50 -1,25 0,25 23,40
0,55 0,45 24,30 24,91 52,50 -1,25 0,28 23,40
0,60 0,50 26,50 27,16 52,50 -1,25 0,30 23,40
0,65 0,55 28,70 29,42 52,50 -1,25 0,32 23,40
0,70 0,60 30,90 31,67 52,50 -1,25 0,35 23,40
0,75 0,65 33,10 33,93 52,50 -1,25 0,38 23,40
0,80 0,70 35,30 36,18 52,50 -1,25 0,40 23,40
0,85 0,75 37,50 38,44 52,50 -1,25 0,43 23,40
0,90 0,80 39,70 40,69 52,50 -1,25 0,45 23,40
0,95 0,85 41,90 42,95 52,50 -1,25 0,47 23,40
1,00 0,90 44,10 45,20 52,50 -1,25 0,50 23,40
1,05 0,95 46,30 47,46 52,50 -1,25 0,53 23,40
1,10 1,00 48,50 49,71 52,50 -1,25 0,55 23,40
1,15 1,05 50,70 51,97 52,50 -1,25 0,58 23,40
1,20 1,10 52,90 54,22 52,50 -1,25 0,60 23,40
1,25 1,15 55,10 56,48 52,50 -1,25 0,63 23,40
1,30 1,20 57,30 58,73 52,50 -1,25 0,65 23,40
1,35 1,25 59,50 60,99 52,50 -1,25 0,68 23,40
1,40 1,30 61,70 63,24 52,50 -1,25 0,70 23,40
1,45 1,35 63,90 65,50 52,50 -1,25 0,73 23,40
1,50 1,40 66,20 67,86 52,50 -1,25 0,75 23,40
1,55 1,45 68,40 70,11 52,50 -1,25 0,77 23,40
1,60 1,50 70,60 72,37 52,50 -1,25 0,80 23,40
1,65 1,55 72,80 74,62 52,50 -1,25 0,82 23,40
1,70 1,60 75,00 76,88 52,50 -1,25 0,85 23,40
1,75 1,65 77,20 79,13 52,50 -1,25 0,88 23,40
1,80 1,70 79,40 81,39 52,50 -1,25 0,90 23,40
1,85 1,75 81,60 83,64 52,50 -1,25 0,92 23,40
1,90 1,80 83,80 85,90 52,50 -1,25 0,95 23,40
1,95 1,85 86,00 88,15 52,50 -1,25 0,98 23,40
2,00 1,90 88,20 90,41 52,50 -1,25 1,00 0,00

TANK LO_TK
0,10 0,00 0,90 0,81 74,25 0,00 0,05 27,00
0,15 0,05 1,30 1,17 74,25 0,00 0,08 27,00
0,20 0,10 1,80 1,62 74,25 0,00 0,10 27,00
0,25 0,15 2,20 1,98 74,25 0,00 0,13 27,00
0,30 0,20 2,60 2,34 74,25 0,00 0,15 27,00
0,35 0,25 3,10 2,79 74,25 0,00 0,17 27,00
0,40 0,30 3,50 3,15 74,25 0,00 0,20 27,00
0,45 0,35 4,00 3,60 74,25 0,00 0,23 27,00
0,50 0,40 4,40 3,96 74,25 0,00 0,25 27,00
0,55 0,45 4,90 4,41 74,25 0,00 0,28 27,00
0,60 0,50 5,30 4,77 74,25 0,00 0,30 27,00
0,65 0,55 5,70 5,13 74,25 0,00 0,33 27,00
0,70 0,60 6,20 5,58 74,25 0,00 0,35 27,00
0,75 0,65 6,60 5,94 74,25 0,00 0,38 27,00
0,80 0,70 7,10 6,39 74,25 0,00 0,40 27,00
0,85 0,75 7,50 6,75 74,25 0,00 0,42 27,00
0,90 0,80 7,90 7,11 74,25 0,00 0,45 27,00
0,95 0,85 8,40 7,56 74,25 0,00 0,48 27,00
1,00 0,90 8,80 7,92 74,25 0,00 0,50 3,40

TANK LO_REN_TK
0,10 0,00 0,90 0,81 75,75 0,00 0,05 27,00
0,15 0,05 1,30 1,17 75,75 0,00 0,08 27,00
0,20 0,10 1,80 1,62 75,75 0,00 0,10 27,00
0,25 0,15 2,20 1,98 75,75 0,00 0,13 27,00
0,30 0,20 2,60 2,34 75,75 0,00 0,15 27,00
0,35 0,25 3,10 2,79 75,75 0,00 0,17 27,00
0,40 0,30 3,50 3,15 75,75 0,00 0,20 27,00
0,45 0,35 4,00 3,60 75,75 0,00 0,23 27,00
0,50 0,40 4,40 3,96 75,75 0,00 0,25 27,00
0,55 0,45 4,90 4,41 75,75 0,00 0,28 27,00
0,60 0,50 5,30 4,77 75,75 0,00 0,30 27,00
0,65 0,55 5,70 5,13 75,75 0,00 0,33 27,00
0,70 0,60 6,20 5,58 75,75 0,00 0,35 27,00
0,75 0,65 6,60 5,94 75,75 0,00 0,38 27,00
0,80 0,70 7,10 6,39 75,75 0,00 0,40 27,00
0,85 0,75 7,50 6,75 75,75 0,00 0,42 27,00
0,90 0,80 7,90 7,11 75,75 0,00 0,45 27,00
0,95 0,85 8,40 7,56 75,75 0,00 0,48 27,00
1,00 0,90 8,80 7,92 75,75 0,00 0,50 3,40

TANK HYDOIL_TANK
0,10 0,00 0,90 0,81 72,75 0,00 0,05 27,00
0,15 0,05 1,30 1,17 72,75 0,00 0,08 27,00
0,20 0,10 1,80 1,62 72,75 0,00 0,10 27,00
0,25 0,15 2,20 1,98 72,75 0,00 0,13 27,00
0,30 0,20 2,60 2,34 72,75 0,00 0,15 27,00
0,35 0,25 3,10 2,79 72,75 0,00 0,17 27,00
0,40 0,30 3,50 3,15 72,75 0,00 0,20 27,00
0,45 0,35 4,00 3,60 72,75 0,00 0,23 27,00
0,50 0,40 4,40 3,96 72,75 0,00 0,25 27,00
0,55 0,45 4,90 4,41 72,75 0,00 0,28 27,00
0,60 0,50 5,30 4,77 72,75 0,00 0,30 27,00
0,65 0,55 5,70 5,13 72,75 0,00 0,33 27,00
0,70 0,60 6,20 5,58 72,75 0,00 0,35 27,00
0,75 0,65 6,60 5,94 72,75 0,00 0,38 27,00
0,80 0,70 7,10 6,39 72,75 0,00 0,40 27,00
0,85 0,75 7,50 6,75 72,75 0,00 0,42 27,00
0,90 0,80 7,90 7,11 72,75 0,00 0,45 27,00
0,95 0,85 8,40 7,56 72,75 0,00 0,48 27,00
1,00 0,90 8,80 7,92 72,75 0,00 0,50 3,40


TANK GRAY_WATER_HOLDING_TK
0,10 0,00 3,70 3,70 39,75 0,00 0,05 78,10
0,15 0,05 5,50 5,50 39,75 0,00 0,08 78,10
0,20 0,10 7,40 7,40 39,75 0,00 0,10 78,10
0,25 0,15 9,20 9,20 39,75 0,00 0,13 78,10
0,30 0,20 11,00 11,00 39,75 0,00 0,15 78,10
0,35 0,25 12,90 12,90 39,75 0,00 0,17 78,10
0,40 0,30 14,70 14,70 39,75 0,00 0,20 78,10
0,45 0,35 16,50 16,50 39,75 0,00 0,23 78,10
0,50 0,40 18,40 18,40 39,75 0,00 0,25 78,10
0,55 0,45 20,20 20,20 39,75 0,00 0,28 78,10
0,60 0,50 22,10 22,10 39,75 0,00 0,30 78,10
0,65 0,55 23,90 23,90 39,75 0,00 0,32 78,10
0,70 0,60 25,70 25,70 39,75 0,00 0,35 78,10
0,75 0,65 27,60 27,60 39,75 0,00 0,38 78,10
0,80 0,70 29,40 29,40 39,75 0,00 0,40 78,10
0,85 0,75 31,20 31,20 39,75 0,00 0,43 78,10
0,90 0,80 33,10 33,10 39,75 0,00 0,45 78,10
0,95 0,85 34,90 34,90 39,75 0,00 0,47 78,10
1,00 0,90 36,70 36,70 39,75 0,00 0,50 78,10
1,05 0,95 38,60 38,60 39,75 0,00 0,53 78,10
1,10 1,00 40,40 40,40 39,75 0,00 0,55 78,10
1,15 1,05 42,30 42,30 39,75 0,00 0,57 78,10
1,20 1,10 44,10 44,10 39,75 0,00 0,60 78,10
1,25 1,15 45,90 45,90 39,75 0,00 0,63 78,10
1,30 1,20 47,80 47,80 39,75 0,00 0,65 78,10
1,35 1,25 49,60 49,60 39,75 0,00 0,68 78,10
1,40 1,30 51,50 51,50 39,75 0,00 0,70 78,10
1,45 1,35 53,30 53,30 39,75 0,00 0,73 78,10
1,50 1,40 55,10 55,10 39,75 0,00 0,75 78,10
1,55 1,45 57,00 57,00 39,75 0,00 0,78 78,10
1,60 1,50 58,80 58,80 39,75 0,00 0,80 78,10
1,65 1,55 60,60 60,60 39,75 0,00 0,82 78,10
1,70 1,60 62,50 62,50 39,75 0,00 0,85 78,10
1,75 1,65 64,30 64,30 39,75 0,00 0,88 78,10
1,80 1,70 66,20 66,20 39,75 0,00 0,90 78,10
1,85 1,75 68,00 68,00 39,75 0,00 0,93 78,10
1,90 1,80 69,80 69,80 39,75 0,00 0,95 78,10
1,95 1,85 71,70 71,70 39,75 0,00 0,98 78,10
2,00 1,90 73,50 73,50 39,75 0,00 1,00 0,00

TANK INTERMEDIATE_SEWAGE_HOLD_TK
0,10 0,00 2,20 2,20 33,75 0,00 0,05 46,90
0,15 0,05 3,30 3,30 33,75 0,00 0,08 46,90
0,20 0,10 4,40 4,40 33,75 0,00 0,10 46,90
0,25 0,15 5,50 5,50 33,75 0,00 0,13 46,90
0,30 0,20 6,60 6,60 33,75 0,00 0,15 46,90
0,35 0,25 7,70 7,70 33,75 0,00 0,17 46,90
0,40 0,30 8,80 8,80 33,75 0,00 0,20 46,90
0,45 0,35 9,90 9,90 33,75 0,00 0,23 46,90
0,50 0,40 11,00 11,00 33,75 0,00 0,25 46,90
0,55 0,45 12,10 12,10 33,75 0,00 0,28 46,90
0,60 0,50 13,20 13,20 33,75 0,00 0,30 46,90
0,65 0,55 14,30 14,30 33,75 0,00 0,32 46,90
0,70 0,60 15,40 15,40 33,75 0,00 0,35 46,90
0,75 0,65 16,50 16,50 33,75 0,00 0,38 46,90
0,80 0,70 17,60 17,60 33,75 0,00 0,40 46,90
0,85 0,75 18,70 18,70 33,75 0,00 0,43 46,90
0,90 0,80 19,80 19,80 33,75 0,00 0,45 46,90
0,95 0,85 20,90 20,90 33,75 0,00 0,47 46,90
1,00 0,90 22,10 22,10 33,75 0,00 0,50 46,90
1,05 0,95 23,20 23,20 33,75 0,00 0,53 46,90
1,10 1,00 24,30 24,30 33,75 0,00 0,55 46,90
1,15 1,05 25,40 25,40 33,75 0,00 0,57 46,90
1,20 1,10 26,50 26,50 33,75 0,00 0,60 46,90
1,25 1,15 27,60 27,60 33,75 0,00 0,63 46,90
1,30 1,20 28,70 28,70 33,75 0,00 0,65 46,90
1,35 1,25 29,80 29,80 33,75 0,00 0,68 46,90
1,40 1,30 30,90 30,90 33,75 0,00 0,70 46,90
1,45 1,35 32,00 32,00 33,75 0,00 0,73 46,90
1,50 1,40 33,10 33,10 33,75 0,00 0,75 46,90
1,55 1,45 34,20 34,20 33,75 0,00 0,77 46,90
1,60 1,50 35,30 35,30 33,75 0,00 0,80 46,90
1,65 1,55 36,40 36,40 33,75 0,00 0,82 46,90
1,70 1,60 37,50 37,50 33,75 0,00 0,85 46,90
1,75 1,65 38,60 38,60 33,75 0,00 0,88 46,90
1,80 1,70 39,70 39,70 33,75 0,00 0,90 46,90
1,85 1,75 40,80 40,80 33,75 0,00 0,93 46,90
1,90 1,80 41,90 41,90 33,75 0,00 0,95 46,90
1,95 1,85 43,00 43,00 33,75 0,00 0,98 46,90
2,00 1,90 44,10 44,10 33,75 0,00 1,00 0,00

TANK BILGE_HOLDING_TK
0,10 0,00 1,50 1,50 74,25 -5,75 0,05 16,10
0,15 0,05 2,30 2,30 74,25 -5,75 0,08 16,10
0,20 0,10 3,10 3,10 74,25 -5,75 0,10 16,10
0,25 0,15 3,90 3,90 74,25 -5,75 0,13 16,10
0,30 0,20 4,60 4,60 74,25 -5,75 0,15 16,10
0,35 0,25 5,40 5,40 74,25 -5,75 0,17 16,10
0,40 0,30 6,20 6,20 74,25 -5,75 0,20 16,10
0,45 0,35 6,90 6,90 74,25 -5,75 0,23 16,10
0,50 0,40 7,70 7,70 74,25 -5,75 0,25 16,10
0,55 0,45 8,50 8,50 74,25 -5,75 0,28 16,10
0,60 0,50 9,30 9,30 74,25 -5,75 0,30 16,10
0,65 0,55 10,00 10,00 74,25 -5,75 0,33 16,10
0,70 0,60 10,80 10,80 74,25 -5,75 0,35 16,10
0,75 0,65 11,60 11,60 74,25 -5,75 0,38 16,10
0,80 0,70 12,30 12,30 74,25 -5,75 0,40 16,10
0,85 0,75 13,10 13,10 74,25 -5,75 0,42 16,10
0,90 0,80 13,90 13,90 74,25 -5,75 0,45 16,10
0,95 0,85 14,70 14,70 74,25 -5,75 0,47 16,10
1,00 0,90 15,40 15,40 74,25 -5,75 0,50 0,00

TANK DIRTY_OIL/SLUDGE_TK
0,10 0,00 1,50 1,50 74,25 5,75 0,05 16,10
0,15 0,05 2,30 2,30 74,25 5,75 0,08 16,10
0,20 0,10 3,10 3,10 74,25 5,75 0,10 16,10
0,25 0,15 3,90 3,90 74,25 5,75 0,13 16,10
0,30 0,20 4,60 4,60 74,25 5,75 0,15 16,10
0,35 0,25 5,40 5,40 74,25 5,75 0,17 16,10
0,40 0,30 6,20 6,20 74,25 5,75 0,20 16,10
0,45 0,35 6,90 6,90 74,25 5,75 0,23 16,10
0,50 0,40 7,70 7,70 74,25 5,75 0,25 16,10
0,55 0,45 8,50 8,50 74,25 5,75 0,28 16,10
0,60 0,50 9,30 9,30 74,25 5,75 0,30 16,10
0,65 0,55 10,00 10,00 74,25 5,75 0,33 16,10
0,70 0,60 10,80 10,80 74,25 5,75 0,35 16,10
0,75 0,65 11,60 11,60 74,25 5,75 0,38 16,10
0,80 0,70 12,30 12,30 74,25 5,75 0,40 16,10
0,85 0,75 13,10 13,10 74,25 5,75 0,42 16,10
0,90 0,80 13,90 13,90 74,25 5,75 0,45 16,10
0,95 0,85 14,70 14,70 74,25 5,75 0,47 16,10
1,00 0,90 15,40 15,40 74,25 5,75 0,50 0,00

TANK SEWAGE
0,10 0,00 5,70 5,70 80,25 2,50 0,05 823,90
0,15 0,05 8,60 8,60 80,25 2,50 0,08 823,90
0,20 0,10 11,50 11,50 80,25 2,50 0,10 823,90
0,25 0,15 14,30 14,30 80,25 2,50 0,13 823,90
0,30 0,20 17,20 17,20 80,25 2,50 0,15 823,90
0,35 0,25 20,10 20,10 80,25 2,50 0,18 823,90
0,40 0,30 22,90 22,90 80,25 2,50 0,20 823,90
0,45 0,35 25,80 25,80 80,25 2,50 0,23 823,90
0,50 0,40 28,70 28,70 80,25 2,50 0,25 823,90
0,55 0,45 31,50 31,50 80,25 2,50 0,28 823,90
0,60 0,50 34,40 34,40 80,25 2,50 0,30 823,90
0,65 0,55 37,30 37,30 80,25 2,50 0,33 823,90
0,70 0,60 40,10 40,10 80,25 2,50 0,35 823,90
0,75 0,65 43,00 43,00 80,25 2,50 0,38 823,90
0,80 0,70 45,90 45,90 80,25 2,50 0,40 823,90
0,85 0,75 48,70 48,70 80,25 2,50 0,43 823,90
0,90 0,80 51,60 51,60 80,25 2,50 0,45 823,90
0,95 0,85 54,50 54,50 80,25 2,50 0,48 823,90
1,00 0,90 57,30 57,30 80,25 2,50 0,50 0,00
