TANK V501
       0         1    1,5     
      10        16    3,8     
      20        54    5,3     
      30       107    6,4     
      40       171    7,4     
      50       245    8,3     
      60       328    9,1     
      70       419    9,8     
      80       517   10,5     
      90       622   11,2     
     100       734   11,8     
     110       852   12,3     
     120       975   13,0     
     130     1105   13,5     
     140     1240   14,0     
     150     1380   14,5     
     160     1525   15,0     
     170     1675   15,5     
     180     1830   16,0     
     190     1990   16,4     
     200     2154   16,8     
     210     2322   17,3     
     220     2495   17,7     
     230     2672   18,1     
     240     2853   18,5     
     250     3038   18,9     
     260     3227   19,3     
     270     3420   19,6     
     280     3616   20,1     
     290     3817   20,4     
     300     4021   20,7     
     310     4228   21,1     
     320     4439   21,4     
     330     4653   21,8     
     340     4871   22,1     
     350     5092   22,4     
     360     5316   22,7     
     370     5543   23,1     
  
380     5774   23,3    
390     6007   23,7    
400     6244   24,0    
410     6484   24,2    
420     6726   24,6    
430     6972   24,8    
440     7220   25,1    
450     7471   25,4    
460     7725   25,7    
470     7982   25,9    
480     8241   26,2    
490     8503   26,5    
500     8768   26,7    
510     9035   27,0    
520     9305   27,2    
530     9577   27,5    
540     9852   27,7    
550    10129   28,0    
560    10409   28,2    
570    10691   28,4    
580    10975   28,7    
590    11262   28,9    
600    11551   29,1    
610    11842   29,3    
620    12135   29,6    
630    12431   29,7    
640    12728   30,0    
650    13028   30,2    
660    13330   30,4    
670    13634   30,6    
680    13940   30,8    
690    14248   31,0    
700    14558   31,2    
710    14870   31,4    
720    15184   31,6    
730    15500   31,8    
740    15818   32,0    
750    16138   32,1    

 760    16459   32,3   
 770    16782   32,6   
 780    17108   32,6   
 790    17434   32,9   
 800    17763   33,0   
 810    18093   33,2   
 820    18425   33,4   
 830    18759   33,5   
 840    19094   33,7   
 850    19431   33,9   
 860    19770   34,0   
 870    20110   34,2   
 880    20452   34,3   
 890    20795   34,5   
 900    21140   34,6   
 910    21486   34,7   
 920    21833   35,0   
 930    22183   35,0   
 940    22533   35,2   
 950    22885   35,4   
 960    23239   35,4   
 970    23593   35,6   
 980    23949   35,8   
 990    24307   35,9   
1000    24666   36,0   
1010    25026   36,1   
1020    25387   36,2   
1030    25749   36,4   
1040    26113   36,5   
1050    26478   36,6   
1060    26844   36,8   
1070    27212   36,8   
1080    27580   37,0   
1090    27950   37,0   
1100    28320   37,2   
1110    28692   37,3   
1120    29065   37,4   
1130    29439   37,5   

    1140    29814   37,6   
    1150    30190   37,7   
    1160    30567   37,8   
    1170    30945   37,9   
    1180    31324   38,0   
    1190    31704   38,1   
    1200    32085   38,1   
    1210    32466   38,3   
    1220    32849   38,3   
    1230    33232   38,5   
    1240    33617   38,5   
    1250    34002   38,6   
    1260    34388   38,7   
    1270    34775   38,7   
    1280    35162   38,8   
    1290    35550   38,9   
    1300    35939   39,0   
    1310    36329   39,1   
    1320    36720   39,1   
    1330    37111   39,2   
    1340    37503   39,2   
    1350    37895   39,4   
    1360    38289   39,4   
    1370    38683   39,4   
    1380    39077   39,5   
    1390    39472   39,6   
    1400    39868   39,6   
    1410    40264   39,6   
    1420    40660   39,8   
    1430    41058   39,7   
    1440    41455   39,9   
    1450    41854   39,8   
    1460    42252   40,0   
    1470    42652   39,9   
    1480    43051   40,0   
    1490    43451   40,1   
    1500    43852   40,1   
    1510    44253   40,1   
  1520    44654   40,1   
  1530    45055   40,2   
  1540    45457   40,3   
  1550    45860   40,2   
  1560    46262   40,3   
  1570    46665   40,3   
  1580    47068   40,3   
  1590    47471   40,4   
  1600    47875   40,4   
  1610    48279   40,4   
  1620    48683   40,4   
  1630    49087   40,5   
  1640    49492   40,4   
  1650    49896   40,5   
  1660    50301   40,5   
  1670    50706   40,5   
  1680    51111   40,5   
  1690    51516   40,5   
  1700    51921   40,5   
  1710    52326   40,6   
  1720    52732   40,5   
  1730    53137   40,5   
  1740    53542   40,6   
  1750    53948   40,5   
  1760    54353   40,5   
  1770    54758   40,5   
  1780    55163   40,6   
  1790    55569   40,5   
  1800    55974   40,5   
  1810    56379   40,4   
  1820    56783   40,5   
  1830    57188   40,5   
  1840    57593   40,4   
  1850    57997   40,4   
  1860    58401   40,4   
  1870    58805   40,4   
  1880    59209   40,4   
  1890    59613   40,3   
 1900    60016   40,3 
 1910    60419   40,3 
 1920    60822   40,3 
 1930    61225   40,2 
 1940    61627   40,2 
 1950    62029   40,1 
 1960    62430   40,1 
 1970    62831   40,1 
 1980    63232   40,1 
 1990    63633   40,0 
 2000    64033   39,9 
 2010    64432   39,9 
 2020    64831   39,9 
 2030    65230   39,8 
 2040    65628   39,8 
 2050    66026   39,7 
 2060    66423   39,7 
 2070    66820   39,6 
 2080    67216   39,5 
 2090    67611   39,5 
 2100    68006   39,4 
 2110    68400   39,4 
 2120    68794   39,3 
 2130    69187   39,3 
 2140    69580   39,2 
 2150    69972   39,1 
 2160    70363   39,0 
 2170    70753   39,0 
 2180    71143   38,9 
 2190    71532   38,8 
 2200    71920   38,7 
 2210    72307   38,7 
 2220    72694   38,6 
 2230    73080   38,5 
 2240    73465   38,4 
 2250    73849   38,4 
 2260    74233   38,2 
 2270    74615   38,2 
  
    2280    74997   38,0   
    2290    75377   38,0   
    2300    75757   37,9   
    2310    76136   37,8   
    2320    76514   37,7   
    2330    76891   37,5   
    2340    77266   37,5   
    2350    77641   37,4   
    2360    78015   37,3   
    2370    78388   37,1   
    2380    78759   37,1   
    2390    79130   36,9   
    2400    79499   36,9   
    2410    79868   36,7   
    2420    80235   36,6   
    2430    80601   36,5   
    2440    80966   36,3   
    2450    81329   36,3   
    2460    81692   36,1   
    2470    82053   35,9   
    2480    82412   35,9   
    2490    82771   35,7   
    2500    83128   35,6   
    2510    83484   35,5   
    2520    83839   35,3   
    2530    84192   35,2   
    2540    84544   35,0   
    2550    84894   34,9   
    2560    85243   34,8   
    2570    85591   34,6   
    2580    85937   34,4   
    2590    86281   34,3   
    2600    86624   34,2   
    2610    86966   33,9   
    2620    87305   33,9   
    2630    87644   33,7   
    2640    87981   33,5   
    2650    88316   33,3   
 
 2660    88649   33,2   
 2670    88981   33,0   
 2680    89311   32,8   
 2690    89639   32,7   
 2700    89966   32,5   
 2710    90291   32,3   
 2720    90614   32,1   
 2730    90935   31,9   
 2740    91254   31,8   
 2750    91572   31,5   
 2760    91887   31,4   
 2770    92201   31,2   
 2780    92513   31,0   
 2790    92823   30,8   
 2800    93131   30,5   
 2810    93436   30,4   
 2820    93740   30,2   
 2830    94042   29,9   
 2840    94341   29,8   
 2850    94639   29,5   
 2860    94934   29,3   
 2870    95227   29,1   
 2880    95518   28,8   
 2890    95806   28,7   
 2900    96093   28,4   
 2910    96377   28,1   
 2920    96658   27,9   
 2930    96937   27,7   
 2940    97214   27,5   
 2950    97489   27,2   
 2960    97761   26,9   
 2970    98030   26,7   
 2980    98297   26,4   
 2990    98561   26,2   
 3000    98823   25,9   
 3010    99082   25,6   
 3020    99338   25,4   
 3030    99592   25,0   
                                                 
 3040    99842   24,8  
 3050   100090   24,5  
 3060   100335   24,3  
 3070   100578   23,9  
 3080   100817   23,6  
 3090   101053   23,3  
 3100   101286   23,0  
 3110   101516   22,7  
 3120   101743   22,4  
 3130   101967   22,1  
 3140   102188   21,7  
 3150   102405   21,4  
 3160   102619   21,0  
 3170   102829   20,7  
 3180   103036   20,3  
 3190   103239   20,0  
 3200   103439   19,6  
 3210   103635   19,2  
 3220   103827   18,9  
 3230   104016   18,4  
 3240   104200   18,1  
 3250   104381   17,6  
 3260   104557   17,2  
 3270   104729   16,8  
 3280   104897   16,4  
 3290   105061   15,8  
 3300   105219   15,5  
 3310   105374   14,9  
 3320   105523   14,5  
 3330   105668   13,9  
 3340   105807   13,4  
 3350   105941   12,9  
 3360   106070   12,3  
 3370   106193   11,7  
 3380   106310   11,0  
 3390   106420   10,5  
 3400   106525    9,7  
 3410   106622    8,9  

    3420   106711    8,2                                                   
    3430   106793    7,3                                                   
    3440   106866    6,3                                                   
    3450   106929    5,1                                                   
    3460   106980    3,5                                                   
    3470   107015    3,5
    END

TANK V502
                                                                                    
       0         1    1,4    
      10        15    3,5    
      20        50    5,1    
      30       101    6,2    
      40       163    7,3    
      50       236    8,1    
      60       317    8,9    
      70       406    9,7    
      80       503   10,4    
      90       607   11,0    
     100       717   11,7    
     110       834   12,2    
     120       956   12,8    
     130     1084   13,3    
     140     1217   13,9    
     150     1356   14,4    
     160     1500   14,9    
     170     1649   15,3    
     180     1802   15,9    
     190     1961   16,2    
     200     2123   16,8    
     210     2291   17,1    
     220     2462   17,6    
     230     2638   17,9    
     240     2817   18,4    
     250     3001   18,8    
     260     3189   19,1    
     270     3380   19,5    
     280     3575   19,9    
     290     3774   20,3    
     300     3977   20,6    
     310     4183   20,9    
     320     4392   21,3    
     330     4605   21,7    
     340     4822   21,9    
     350     5041   22,3    
     360     5264   22,6    
     370     5490   22,9    
 
 380     5719   23,3    
 390     5952   23,5    
 400     6187   23,8    
 410     6425   24,2    
 420     6667   24,4    
 430     6911   24,7    
 440     7158   25,0    
 450     7408   25,2    
 460     7660   25,6    
 470     7916   25,8    
 480     8174   26,0    
 490     8434   26,4    
 500     8698   26,6    
 510     8964   26,8    
 520     9232   27,1    
 530     9503   27,4    
 540     9777   27,6    
 550    10053   27,8    
 560    10331   28,1    
 570    10612   28,3    
 580    10895   28,5    
 590    11180   28,8    
 600    11468   28,9    
 610    11757   29,3    
 620    12050   29,4    
 630    12344   29,6    
 640    12640   29,9    
 650    12939   30,1    
 660    13240   30,2    
 670    13542   30,5    
 680    13847   30,7    
 690    14154   30,9    
 700    14463   31,1    
 710    14774   31,2    
 720    15086   31,5    
 730    15401   31,7    
 740    15718   31,8    
 750    16036   32,0    

 760    16356   32,2   
 770    16678   32,4   
 780    17002   32,6   
 790    17328   32,7   
 800    17655   32,9   
 810    17984   33,1   
 820    18315   33,3   
 830    18648   33,4   
 840    18982   33,6   
 850    19318   33,7   
 860    19655   33,9   
 870    19994   34,1   
 880    20335   34,2   
 890    20677   34,3   
 900    21020   34,5   
 910    21365   34,7   
 920    21712   34,8   
 930    22060   35,0   
 940    22410   35,0   
 950    22760   35,3   
 960    23113   35,3   
 970    23466   35,5   
 980    23821   35,7   
 990    24178   35,7   
1000    24535   35,9   
1010    24894   36,0   
1020    25254   36,2   
1030    25616   36,3   
1040    25979   36,3   
1050    26342   36,6   
1060    26708   36,6   
1070    27074   36,7   
1080    27441   36,9   
1090    27810   37,0   
1100    28180   37,0   
1110    28550   37,2   
1120    28922   37,3   
1130    29295   37,4   
                                                                            
    1140    29669   37,5   
    1150    30044   37,6   
    1160    30420   37,7   
    1170    30797   37,8   
    1180    31175   37,9   
    1190    31554   38,0   
    1200    31934   38,0   
    1210    32314   38,2   
    1220    32696   38,3   
    1230    33079   38,3   
    1240    33462   38,4   
    1250    33846   38,5   
    1260    34231   38,6   
    1270    34617   38,7   
    1280    35004   38,7   
    1290    35391   38,8   
    1300    35779   38,9   
    1310    36168   39,0   
    1320    36558   39,0   
    1330    36948   39,1   
    1340    37339   39,2   
    1350    37731   39,2   
    1360    38123   39,3   
    1370    38516   39,3   
    1380    38909   39,5   
    1390    39304   39,4   
    1400    39698   39,6   
    1410    40094   39,6   
    1420    40490   39,6   
    1430    40886   39,7   
    1440    41283   39,7   
    1450    41680   39,8   
    1460    42078   39,9   
    1470    42477   39,8   
    1480    42875   40,0   
    1490    43275   39,9   
    1500    43674   40,0   
    1510    44074   40,1   
  
     1520    44475   40,1          
     1530    44876   40,1   
     1540    45277   40,1   
     1550    45678   40,2   
     1560    46080   40,2   
     1570    46482   40,2   
     1580    46884   40,3   
     1590    47287   40,3   
     1600    47690   40,3   
     1610    48093   40,3   
     1620    48496   40,4   
     1630    48900   40,4   
     1640    49304   40,4   
     1650    49708   40,4   
     1660    50112   40,4   
     1670    50516   40,4   
     1680    50920   40,5   
     1690    51325   40,4   
     1700    51729   40,5   
     1710    52134   40,4   
     1720    52538   40,5   
     1730    52943   40,5   
     1740    53348   40,4   
     1750    53752   40,5   
     1760    54157   40,5   
     1770    54562   40,4   
     1780    54966   40,5   
     1790    55371   40,4   
     1800    55775   40,5   
     1810    56180   40,4   
     1820    56584   40,4   
     1830    56988   40,4   
     1840    57392   40,4   
     1850    57796   40,4   
     1860    58200   40,3   
     1870    58603   40,3   
     1880    59006   40,3   
     1890    59409   40,3   

 1900    59812   40,3   
 1910    60215   40,2   
 1920    60617   40,2   
 1930    61019   40,2   
 1940    61421   40,1   
 1950    61822   40,1   
 1960    62223   40,1   
 1970    62624   40,0   
 1980    63024   40,0   
 1990    63424   40,0   
 2000    63824   39,9   
 2010    64223   39,8   
 2020    64621   39,9   
 2030    65020   39,7   
 2040    65417   39,8   
 2050    65815   39,6   
 2060    66211   39,7   
 2070    66608   39,5   
 2080    67003   39,6   
 2090    67399   39,4   
 2100    67793   39,4   
 2110    68187   39,3   
 2120    68580   39,3   
 2130    68973   39,2   
 2140    69365   39,2   
 2150    69757   39,1   
 2160    70148   39,0   
 2170    70538   38,9   
 2180    70927   38,9   
 2190    71316   38,8   
 2200    71704   38,7   
 2210    72091   38,6   
 2220    72477   38,6   
 2230    72863   38,5   
 2240    73248   38,3   
 2250    73631   38,4   
 2260    74015   38,2   
 2270    74397   38,1   
                                                               
    2280    74778   38,1   
    2290    75159   37,9   
    2300    75538   37,9   
    2310    75917   37,7   
    2320    76294   37,7   
    2330    76671   37,6   
    2340    77047   37,4   
    2350    77421   37,4   
    2360    77795   37,3   
    2370    78168   37,1   
    2380    78539   37,1   
    2390    78910   36,9   
    2400    79279   36,8   
    2410    79647   36,7   
    2420    80014   36,6   
    2430    80380   36,5   
    2440    80745   36,3   
    2450    81108   36,3   
    2460    81471   36,1   
    2470    81832   35,9   
    2480    82191   35,9   
    2490    82550   35,7   
    2500    82907   35,6   
    2510    83263   35,5   
    2520    83618   35,3   
    2530    83971   35,2   
    2540    84323   35,0   
    2550    84673   34,9   
    2560    85022   34,8   
    2570    85370   34,6   
    2580    85716   34,4   
    2590    86060   34,4   
    2600    86404   34,1   
    2610    86745   34,0   
    2620    87085   33,9   
    2630    87424   33,7   
    2640    87761   33,5   
    2650    88096   33,3   
                                                                            
    2660    88429   33,2         
    2670    88761   33,1   
    2680    89092   32,8   
    2690    89420   32,7   
    2700    89747   32,5   
    2710    90072   32,4   
    2720    90396   32,1   
    2730    90717   32,0   
    2740    91037   31,8   
    2750    91355   31,6   
    2760    91671   31,4   
    2770    91985   31,2   
    2780    92297   31,0   
    2790    92607   30,8   
    2800    92915   30,6   
    2810    93221   30,5   
    2820    93526   30,2   
    2830    93828   30,0   
    2840    94128   29,8   
    2850    94426   29,5   
    2860    94721   29,4   
    2870    95015   29,1   
    2880    95306   29,0   
    2890    95596   28,6   
    2900    95882   28,5   
    2910    96167   28,2   
    2920    96449   28,0   
    2930    96729   27,8   
    2940    97007   27,5   
    2950    97282   27,3   
    2960    97555   27,0   
    2970    97825   26,8   
    2980    98093   26,5   
    2990    98358   26,2   
    3000    98620   26,0   
    3010    98880   25,7   
    3020    99137   25,5   
    3030    99392   25,1   

 3040    99643   24,9   
 3050    99892   24,7   
 3060   100139   24,3   
 3070   100382   24,0   
 3080   100622   23,8   
 3090   100860   23,4   
 3100   101094   23,1   
 3110   101325   22,9   
 3120   101554   22,5   
 3130   101779   22,1   
 3140   102000   21,9   
 3150   102219   21,5   
 3160   102434   21,2   
 3170   102646   20,9   
 3180   102855   20,5   
 3190   103060   20,1   
 3200   103261   19,8   
 3210   103459   19,4   
 3220   103653   19,0   
 3230   103843   18,6   
 3240   104029   18,3   
 3250   104212   17,8   
 3260   104390   17,5   
 3270   104565   17,0   
 3280   104735   16,5   
 3290   104900   16,2   
 3300   105062   15,6   
 3310   105218   15,2   
 3320   105370   14,8   
 3330   105518   14,2   
 3340   105660   13,7   
 3350   105797   13,2   
 3360   105929   12,6   
 3370   106055   12,1   
 3380   106176   11,4   
 3390   106290   10,8   
 3400   106398   10,2   
 3410   106500    9,4   

    3420   106594    8,7                                                   
    3430   106681    7,9                                                   
    3440   106760    6,9                                                   
    3450   106829    5,9                                                   
    3460   106888    4,7                                                   
    3470   106935    4,7                                                      
                                                                            
END                                                                            
TANK V503                                                                        
       0         4    2,8     
      10        32    4,6     
      20        78    5,9     
      30       137    6,9     
      40       206    7,8     
      50       284    8,7     
      60       371    9,4     
      70       465   10,2     
      80       567   10,8     
      90       675   11,4     
     100       789   12,1     
     110       910   12,6     
     120     1036   13,2     
     130     1168   13,7     
     140     1305   14,2     
     150     1447   14,8     
     160     1595   15,2     
     170     1747   15,7     
     180     1904   16,2     
     190     2066   16,6     
     200     2232   17,0     
     210     2402   17,5     
     220     2577   17,8     
     230     2755   18,3     
     240     2938   18,7     
     250     3125   19,1     
     260     3316   19,4     
     270     3510   19,8     
     280     3708   20,2     
     290     3910   20,6     
     300     4116   20,9     
     310     4325   21,2     
     320     4537   21,6     
     330     4753   22,0     
     340     4973   22,2     
     350     5195   22,6     
     360     5421   22,9     
     370     5650   23,2     
    380     5882   23,5       
    390     6117   23,8       
    400     6355   24,1       
    410     6596   24,4       
    420     6840   24,7       
    430     7087   25,0       
    440     7337   25,3       
    450     7590   25,5       
    460     7845   25,8       
    470     8103   26,1       
    480     8364   26,4       
    490     8628   26,6       
    500     8894   26,8       
    510     9162   27,2       
    520     9434   27,3       
    530     9707   27,6       
    540     9983   27,9       
    550    10262   28,1       
    560    10543   28,3       
    570    10826   28,6       
    580    11112   28,8       
    590    11400   29,0       
    600    11690   29,3       
    610    11983   29,5       
    620    12278   29,7       
    630    12575   29,9       
    640    12874   30,1       
    650    13175   30,4       
    660    13479   30,5       
    670    13784   30,7       
    680    14091   31,0       
    690    14401   31,1       
    700    14712   31,4       
    710    15026   31,5       
    720    15341   31,8       
    730    15659   31,9       
    740    15978   32,1       
    750    16299   32,3       

 760    16622   32,4   
 770    16946   32,7   
 780    17273   32,8   
 790    17601   33,0   
 800    17931   33,2   
 810    18263   33,3   
 820    18596   33,5   
 830    18931   33,7   
 840    19268   33,9   
 850    19607   34,0   
 860    19947   34,1   
 870    20288   34,3   
 880    20631   34,5   
 890    20976   34,6   
 900    21322   34,8   
 910    21670   34,9   
 920    22019   35,0   
 930    22369   35,2   
 940    22721   35,4   
 950    23075   35,5   
 960    23430   35,6   
 970    23786   35,7   
 980    24143   35,9   
 990    24502   36,0   
1000    24862   36,2   
1010    25224   36,2   
1020    25586   36,4   
1030    25950   36,6   
1040    26316   36,6   
1050    26682   36,8   
1060    27050   36,8   
1070    27418   37,0   
1080    27788   37,1   
1090    28159   37,2   
1100    28531   37,4   
1110    28905   37,4   
1120    29279   37,5   
1130    29654   37,7   

    1140    30031   37,7    
    1150    30408   37,8    
    1160    30786   38,0    
    1170    31166   38,0    
    1180    31546   38,1    
    1190    31927   38,3    
    1200    32310   38,3    
    1210    32693   38,4    
    1220    33077   38,5    
    1230    33462   38,5    
    1240    33847   38,7    
    1250    34234   38,7    
    1260    34621   38,8    
    1270    35009   38,9    
    1280    35398   39,0    
    1290    35788   39,1    
    1300    36179   39,1    
    1310    36570   39,2    
    1320    36962   39,2    
    1330    37354   39,3    
    1340    37747   39,4    
    1350    38141   39,5    
    1360    38536   39,5    
    1370    38931   39,6    
    1380    39327   39,6    
    1390    39723   39,7    
    1400    40120   39,8    
    1410    40518   39,8    
    1420    40916   39,8    
    1430    41314   39,9    
    1440    41713   40,0    
    1450    42113   40,0    
    1460    42513   40,0    
    1470    42913   40,1    
    1480    43314   40,2    
    1490    43716   40,1    
    1500    44117   40,3    
    1510    44520   40,2    
    

1520    44922   40,3   
1530    45325   40,3   
1540    45728   40,4   
1550    46132   40,3   
1560    46535   40,4   
1570    46939   40,5   
1580    47344   40,4   
1590    47748   40,5   
1600    48153   40,5   
1610    48558   40,6   
1620    48964   40,5   
1630    49369   40,6   
1640    49775   40,6   
1650    50181   40,5   
1660    50586   40,6   
1670    50992   40,7   
1680    51399   40,6   
1690    51805   40,6   
1700    52211   40,7   
1710    52618   40,6   
1720    53024   40,6   
1730    53430   40,7   
1740    53837   40,6   
1750    54243   40,7   
1760    54650   40,6   
1770    55056   40,6   
1780    55462   40,6   
1790    55868   40,6   
1800    56274   40,6   
1810    56680   40,6   
1820    57086   40,6   
1830    57492   40,6   
1840    57898   40,5   
1850    58303   40,5   
1860    58708   40,5   
1870    59113   40,5   
1880    59518   40,5   
1890    59923   40,4   

 1900    60327   40,4     
 1910    60731   40,3     
 1920    61134   40,4     
 1930    61538   40,3     
 1940    61941   40,3     
 1950    62344   40,2     
 1960    62746   40,2     
 1970    63148   40,2     
 1980    63550   40,1     
 1990    63951   40,1     
 2000    64352   40,0     
 2010    64752   40,0     
 2020    65152   39,9     
 2030    65551   39,9     
 2040    65950   39,8     
 2050    66348   39,8     
 2060    66746   39,8     
 2070    67144   39,6     
 2080    67540   39,7     
 2090    67937   39,5     
 2100    68332   39,5     
 2110    68727   39,4     
 2120    69121   39,4     
 2130    69515   39,3     
 2140    69908   39,3     
 2150    70301   39,1     
 2160    70692   39,1     
 2170    71083   39,0     
 2180    71473   39,0     
 2190    71863   38,8     
 2200    72251   38,8     
 2210    72639   38,7     
 2220    73026   38,7     
 2230    73413   38,5     
 2240    73798   38,5     
 2250    74183   38,3     
 2260    74566   38,3     
 2270    74949   38,2     


    2280    75331   38,1   
    2290    75712   38,0   
    2300    76092   37,9   
    2310    76471   37,8   
    2320    76849   37,7   
    2330    77226   37,6   
    2340    77602   37,5   
    2350    77977   37,4   
    2360    78351   37,3   
    2370    78724   37,2   
    2380    79096   37,0   
    2390    79466   37,0   
    2400    79836   36,8   
    2410    80204   36,7   
    2420    80571   36,6   
    2430    80937   36,5   
    2440    81302   36,4   
    2450    81666   36,2   
    2460    82028   36,1   
    2470    82389   36,0   
    2480    82749   35,8   
    2490    83107   35,7   
    2500    83464   35,6   
    2510    83820   35,4   
    2520    84174   35,3   
    2530    84527   35,2   
    2540    84879   35,0   
    2550    85229   34,8   
    2560    85577   34,8   
    2570    85925   34,5   
    2580    86270   34,4   
    2590    86614   34,3   
    2600    86957   34,1   
    2610    87298   33,9   
    2620    87637   33,8   
    2630    87975   33,6   
    2640    88311   33,5   
    2650    88646   33,3   
  
 2660    88979   33,1   
 2670    89310   32,9   
 2680    89639   32,8   
 2690    89967   32,6   
 2700    90293   32,4   
 2710    90617   32,2   
 2720    90939   32,1   
 2730    91260   31,8   
 2740    91578   31,7   
 2750    91895   31,4   
 2760    92209   31,3   
 2770    92522   31,1   
 2780    92833   30,9   
 2790    93142   30,7   
 2800    93449   30,4   
 2810    93753   30,3   
 2820    94056   30,1   
 2830    94357   29,8   
 2840    94655   29,6   
 2850    94951   29,4   
 2860    95245   29,2   
 2870    95537   28,9   
 2880    95826   28,8   
 2890    96114   28,5   
 2900    96399   28,2   
 2910    96681   28,0   
 2920    96961   27,8   
 2930    97239   27,5   
 2940    97514   27,3   
 2950    97787   27,1   
 2960    98058   26,7   
 2970    98325   26,6   
 2980    98591   26,2   
 2990    98853   26,0   
 3000    99113   25,7   
 3010    99370   25,5   
 3020    99625   25,1   
 3030    99876   24,9   

 3040   100125   24,6     
 3050   100371   24,3     
 3060   100614   24,0     
 3070   100854   23,8     
 3080   101092   23,4     
 3090   101326   23,1     
 3100   101557   22,8     
 3110   101785   22,4     
 3120   102009   22,2     
 3130   102231   21,8     
 3140   102449   21,4     
 3150   102663   21,2     
 3160   102875   20,7     
 3170   103082   20,5     
 3180   103287   20,0     
 3190   103487   19,7     
 3200   103684   19,4     
 3210   103878   18,9     
 3220   104067   18,5     
 3230   104252   18,2     
 3240   104434   17,7     
 3250   104611   17,3     
 3260   104784   16,9     
 3270   104953   16,5     
 3280   105118   16,0     
 3290   105278   15,5     
 3300   105433   15,1     
 3310   105584   14,6     
 3320   105730   14,0     
 3330   105870   13,6     
 3340   106006   12,9     
 3350   106135   12,5     
 3360   106260   11,8     
 3370   106378   11,3     
 3380   106491   10,5     
 3390   106596    9,9     
 3400   106695    9,2     
 3410   106787    8,4     

    3420   106871    7,5                                                   
    3430   106946    6,6                                                   
    3440   107012    5,4                                                   
    3450   107066    4,1                                                   
    3460   107107    4,1                                                      
                                                                            
 END                                                                           
 TANK V504
                                                                        
       0         0    2,1     
      10        21    4,2     
      20        63    5,5     
      30       118    6,6     
      40       184    7,6     
      50       260    8,4     
      60       344    9,2     
      70       436    9,9     
      80       535   10,6     
      90       641   11,2     
     100       753   11,9     
     110       872   12,4     
     120       996   13,0     
     130     1126   13,6     
     140     1262   14,1     
     150     1403   14,5     
     160     1548   15,1     
     170     1699   15,5     
     180     1854   16,0     
     190     2014   16,5     
     200     2179   16,9     
     210     2348   17,3     
     220     2521   17,7     
     230     2698   18,2     
     240     2880   18,5     
     250     3065   18,9     
     260     3254   19,3     
     270     3447   19,7     
     280     3644   20,1     
     290     3845   20,4     
     300     4049   20,8     
     310     4257   21,1     
     320     4468   21,4     
     330     4682   21,8     
     340     4900   22,2     
     350     5122   22,4     
     360     5346   22,8     
     370     5574   23,1     
   380     5805   23,3    
   390     6038   23,7    
   400     6275   24,0    
   410     6515   24,3    
   420     6758   24,6    
   430     7004   24,9    
   440     7253   25,1    
   450     7504   25,4    
   460     7758   25,7    
   470     8015   26,0    
   480     8275   26,2    
   490     8537   26,5    
   500     8802   26,8    
   510     9070   27,0    
   520     9340   27,2    
   530     9612   27,5    
   540     9887   27,8    
   550    10165   28,0    
   560    10445   28,2    
   570    10727   28,4    
   580    11011   28,7    
   590    11298   29,0    
   600    11588   29,1    
   610    11879   29,4    
   620    12173   29,6    
   630    12469   29,8    
   640    12767   30,0    
   650    13067   30,2    
   660    13369   30,4    
   670    13673   30,7    
   680    13980   30,8    
   690    14288   31,1    
   700    14599   31,2    
   710    14911   31,5    
   720    15226   31,6    
   730    15542   31,8    
   740    15860   32,0    
   750    16180   32,2    


 760    16502   32,4        
 770    16826   32,5        
 780    17151   32,7        
 790    17478   32,9        
 800    17807   33,1        
 810    18138   33,2        
 820    18470   33,5        
 830    18805   33,5        
 840    19140   33,8        
 850    19478   33,9        
 860    19817   34,0        
 870    20157   34,2        
 880    20499   34,4        
 890    20843   34,5        
 900    21188   34,7        
 910    21535   34,8        
 920    21883   35,0        
 930    22233   35,1        
 940    22584   35,2        
 950    22936   35,4        
 960    23290   35,5        
 970    23645   35,7        
 980    24002   35,8        
 990    24360   35,9        
1000    24719   36,1        
1010    25080   36,2        
1020    25442   36,3        
1030    25805   36,4        
1040    26169   36,5        
1050    26534   36,7        
1060    26901   36,8        
1070    27269   36,9        
1080    27638   37,0        
1090    28008   37,1        
1100    28379   37,3        
1110    28752   37,3        
1120    29125   37,5        
1130    29500   37,5        
                                                                           
    1140    29875   37,7   
    1150    30252   37,7   
    1160    30629   37,9   
    1170    31008   37,9   
    1180    31387   38,1   
    1190    31768   38,1   
    1200    32149   38,2   
    1210    32531   38,4   
    1220    32915   38,4   
    1230    33299   38,4   
    1240    33683   38,6   
    1250    34069   38,7   
    1260    34456   38,7   
    1270    34843   38,8   
    1280    35231   38,9   
    1290    35620   39,0   
    1300    36010   39,0   
    1310    36400   39,1   
    1320    36791   39,2   
    1330    37183   39,3   
    1340    37576   39,3   
    1350    37969   39,4   
    1360    38363   39,4   
    1370    38757   39,5   
    1380    39152   39,6   
    1390    39548   39,6   
    1400    39944   39,7   
    1410    40341   39,7   
    1420    40738   39,8   
    1430    41136   39,8   
    1440    41534   39,9   
    1450    41933   40,0   
    1460    42333   39,9   
    1470    42732   40,1   
    1480    43133   40,0   
    1490    43533   40,1   
    1500    43934   40,2   
    1510    44336   40,2   
    
 1520    44738   40,2    
 1530    45140   40,2    
 1540    45542   40,3    
 1550    45945   40,3    
 1560    46348   40,4    
 1570    46752   40,3    
 1580    47155   40,4    
 1590    47559   40,5    
 1600    47964   40,4    
 1610    48368   40,5    
 1620    48773   40,5    
 1630    49178   40,5    
 1640    49583   40,5    
 1650    49988   40,5    
 1660    50393   40,6    
 1670    50799   40,5    
 1680    51204   40,6    
 1690    51610   40,6    
 1700    52016   40,5    
 1710    52421   40,6    
 1720    52827   40,6    
 1730    53233   40,6    
 1740    53639   40,6    
 1750    54045   40,6    
 1760    54451   40,5    
 1770    54856   40,6    
 1780    55262   40,6    
 1790    55668   40,6    
 1800    56074   40,5    
 1810    56479   40,5    
 1820    56884   40,6    
 1830    57290   40,5    
 1840    57695   40,5    
 1850    58100   40,5    
 1860    58505   40,4    
 1870    58909   40,4    
 1880    59313   40,4    
 1890    59717   40,4    

1900    60121   40,4 
1910    60525   40,3 
1920    60928   40,3 
1930    61331   40,3 
1940    61734   40,2 
1950    62136   40,2 
1960    62538   40,2 
1970    62940   40,1 
1980    63341   40,1 
1990    63742   40,0 
2000    64142   40,0 
2010    64542   40,0 
2020    64942   39,9 
2030    65341   39,8 
2040    65739   39,8 
2050    66137   39,8 
2060    66535   39,7 
2070    66932   39,7 
2080    67329   39,5 
2090    67724   39,6 
2100    68120   39,4 
2110    68514   39,5 
2120    68909   39,3 
2130    69302   39,3 
2140    69695   39,2 
2150    70087   39,1 
2160    70478   39,1 
2170    70869   39,0 
2180    71259   38,9 
2190    71648   38,9 
2200    72037   38,8 
2210    72425   38,6 
2220    72811   38,7 
2230    73198   38,5 
2240    73583   38,4 
2250    73967   38,4 
2260    74351   38,3 
2270    74734   38,1 
                                                                           
    2280    75115   38,1   
    2290    75496   38,0   
    2300    75876   37,9   
    2310    76255   37,8   
    2320    76633   37,7   
    2330    77010   37,6   
    2340    77386   37,5   
    2350    77761   37,4   
    2360    78135   37,3   
    2370    78508   37,2   
    2380    78880   37,0   
    2390    79250   37,0   
    2400    79620   36,8   
    2410    79988   36,7   
    2420    80355   36,6   
    2430    80721   36,5   
    2440    81086   36,4   
    2450    81450   36,2   
    2460    81812   36,1   
    2470    82173   36,0   
    2480    82533   35,8   
    2490    82891   35,8   
    2500    83249   35,6   
    2510    83605   35,4   
    2520    83959   35,3   
    2530    84312   35,2   
    2540    84664   35,0   
    2550    85014   34,9   
    2560    85363   34,7   
    2570    85710   34,6   
    2580    86056   34,5   
    2590    86401   34,2   
    2600    86743   34,2   
    2610    87085   33,9   
    2620    87424   33,8   
    2630    87762   33,7   
    2640    88099   33,5   
    2650    88434   33,3   
                                                                            
    
 2660    88767   33,1     
 2670    89098   33,0     
 2680    89428   32,8     
 2690    89756   32,7     
 2700    90083   32,4     
 2710    90407   32,3     
 2720    90730   32,1     
 2730    91051   31,9     
 2740    91370   31,7     
 2750    91687   31,5     
 2760    92002   31,3     
 2770    92315   31,2     
 2780    92627   30,9     
 2790    92936   30,7     
 2800    93243   30,5     
 2810    93548   30,4     
 2820    93852   30,1     
 2830    94153   29,9     
 2840    94452   29,7     
 2850    94749   29,4     
 2860    95043   29,3     
 2870    95336   29,0     
 2880    95626   28,8     
 2890    95914   28,6     
 2900    96200   28,3     
 2910    96483   28,1     
 2920    96764   27,8     
 2930    97042   27,7     
 2940    97319   27,3     
 2950    97592   27,1     
 2960    97863   26,9     
 2970    98132   26,6     
 2980    98398   26,4     
 2990    98662   26,1     
 3000    98923   25,8     
 3010    99181   25,5     
 3020    99436   25,3     
 3030    99689   25,0     

3040    99939   24,7
3050   100186   24,4
3060   100430   24,1
3070   100671   23,8
3080   100909   23,6
3090   101145   23,2
3100   101377   22,9
3110   101606   22,6
3120   101832   22,3
3130   102055   21,9
3140   102274   21,6
3150   102490   21,3
3160   102703   20,9
3170   102912   20,6
3180   103118   20,2
3190   103320   19,8
3200   103518   19,5
3210   103713   19,1
3220   103904   18,7
3230   104091   18,4
3240   104275   17,9
3250   104454   17,5
3260   104629   17,1
3270   104800   16,6
3280   104966   16,2
3290   105128   15,8
3300   105286   15,2
3310   105438   14,8
3320   105586   14,3
3330   105729   13,8
3340   105867   13,3
3350   106000   12,7
3360   106127   12,1
3370   106248   11,5
3380   106363   10,9
3390   106472   10,2
3400   106574    9,5
3410   106669    8,8

                                                                            
    3420   106757    8,0                                                   
    3430   106837    7,0                                                   
    3440   106907    6,0                                                   
    3450   106967    4,9                                                   
    3460   107016    3,2                                                   
    3470   107048    3,2
END
TANK V505
                                                                      
       0         1    2,5       
      10        26    4,5       
      20        71    5,6       
      30       127    6,8       
      40       195    7,7       
      50       272    8,5       
      60       357    9,3       
      70       450   10,0       
      80       550   10,6       
      90       656   11,4       
     100       770   11,9       
     110       889   12,5       
     120     1014   13,1       
     130     1145   13,5       
     140     1280   14,2       
     150     1422   14,6       
     160     1568   15,1       
     170     1719   15,6       
     180     1875   16,0       
     190     2035   16,5       
     200     2200   16,9       
     210     2369   17,4       
     220     2543   17,7       
     230     2720   18,2       
     240     2902   18,6       
     250     3088   18,9       
     260     3277   19,4       
     270     3471   19,7       
     280     3668   20,0       
     290     3868   20,5       
     300     4073   20,8       
     310     4281   21,1       
     320     4492   21,5       
     330     4707   21,8       
     340     4925   22,1       
     350     5146   22,5       
     360     5371   22,8       
     370     5599   23,1       
     
     380     5830   23,4 
     390     6064   23,7 
     400     6301   24,0 
     410     6541   24,3 
     420     6784   24,6 
     430     7030   24,8 
     440     7278   25,2 
     450     7530   25,4 
     460     7784   25,7 
     470     8041   26,0 
     480     8301   26,2 
     490     8563   26,5 
     500     8828   26,8 
     510     9096   27,0 
     520     9366   27,3 
     530     9639   27,5 
     540     9914   27,7 
     550    10191   28,0 
     560    10471   28,3 
     570    10754   28,4 
     580    11038   28,7 
     590    11325   28,9 
     600    11614   29,2 
     610    11906   29,4 
     620    12200   29,6 
     630    12496   29,8 
     640    12794   30,0 
     650    13094   30,2 
     660    13396   30,5 
     670    13701   30,6 
     680    14007   30,8 
     690    14315   31,1 
     700    14626   31,2 
     710    14938   31,5 
     720    15253   31,6 
     730    15569   31,8 
     740    15887   32,0 
     750    16207   32,2 

     760    16529   32,4  
     770    16853   32,5  
     780    17178   32,8  
     790    17506   32,9  
     800    17835   33,0  
     810    18165   33,3  
     820    18498   33,4  
     830    18832   33,6  
     840    19168   33,7  
     850    19505   33,9  
     860    19844   34,0  
     870    20184   34,3  
     880    20527   34,3  
     890    20870   34,6  
     900    21216   34,6  
     910    21562   34,8  
     920    21910   35,0  
     930    22260   35,1  
     940    22611   35,3  
     950    22964   35,3  
     960    23317   35,6  
     970    23673   35,6  
     980    24029   35,8  
     990    24387   35,9  
    1000    24746   36,1  
    1010    25107   36,2  
    1020    25469   36,3  
    1030    25832   36,4  
    1040    26196   36,5  
    1050    26561   36,7  
    1060    26928   36,8  
    1070    27296   36,9  
    1080    27665   37,0  
    1090    28035   37,1  
    1100    28406   37,3  
    1110    28779   37,3  
    1120    29152   37,5  
    1130    29527   37,5  

                                                                 
          
                                                                            
    1140    29902   37,7    
    1150    30279   37,7    
    1160    30656   37,9    
    1170    31035   37,9    
    1180    31414   38,1    
    1190    31795   38,1    
    1200    32176   38,2    
    1210    32558   38,3    
    1220    32941   38,4    
    1230    33325   38,5    
    1240    33710   38,6    
    1250    34096   38,7    
    1260    34483   38,7    
    1270    34870   38,8    
    1280    35258   38,9    
    1290    35647   39,0    
    1300    36037   39,0    
    1310    36427   39,1    
    1320    36818   39,2    
    1330    37210   39,3    
    1340    37603   39,3    
    1350    37996   39,3    
    1360    38389   39,5    
    1370    38784   39,5    
    1380    39179   39,6    
    1390    39575   39,6    
    1400    39971   39,7    
    1410    40368   39,7    
    1420    40765   39,8    
    1430    41163   39,8    
    1440    41561   39,9    
    1450    41960   39,9    
    1460    42359   40,0    
    1470    42759   40,0    
    1480    43159   40,1    
    1490    43560   40,1    
    1500    43961   40,1    
    1510    44362   40,2    
                             
  1520    44764   40,2        
  1530    45166   40,3    
  1540    45569   40,3    
  1550    45972   40,3    
  1560    46375   40,3    
  1570    46778   40,4    
  1580    47182   40,4    
  1590    47586   40,4    
  1600    47990   40,5    
  1610    48395   40,4    
  1620    48799   40,5    
  1630    49204   40,5    
  1640    49609   40,5    
  1650    50014   40,6    
  1660    50420   40,5    
  1670    50825   40,6    
  1680    51231   40,5    
  1690    51636   40,6    
  1700    52042   40,6    
  1710    52448   40,6    
  1720    52854   40,5    
  1730    53259   40,6    
  1740    53665   40,6    
  1750    54071   40,6    
  1760    54477   40,6    
  1770    54883   40,6    
  1780    55289   40,5    
  1790    55694   40,6    
  1800    56100   40,5    
  1810    56505   40,6    
  1820    56911   40,5    
  1830    57316   40,5    
  1840    57721   40,5    
  1850    58126   40,5    
  1860    58531   40,4    
  1870    58935   40,5    
  1880    59340   40,4    
  1890    59744   40,4    
                           
1900    60148   40,3 
1910    60551   40,3 
1920    60954   40,3 
1930    61357   40,3 
1940    61760   40,2 
1950    62162   40,2 
1960    62564   40,2 
1970    62966   40,1 
1980    63367   40,1 
1990    63768   40,0 
2000    64168   40,0 
2010    64568   40,0 
2020    64968   39,9 
2030    65367   39,8 
2040    65765   39,8 
2050    66163   39,8 
2060    66561   39,7 
2070    66958   39,6 
2080    67354   39,6 
2090    67750   39,6 
2100    68146   39,4 
2110    68540   39,4 
2120    68934   39,4 
2130    69328   39,3 
2140    69721   39,2 
2150    70113   39,1 
2160    70504   39,1 
2170    70895   39,0 
2180    71285   38,9 
2190    71674   38,8 
2200    72062   38,8 
2210    72450   38,7 
2220    72837   38,6 
2230    73223   38,5 
2240    73608   38,5 
2250    73993   38,3 
2260    74376   38,3 
2270    74759   38,2 
                      
                                                                            
    2280    75141   38,1    
    2290    75522   38,0    
    2300    75902   37,8    
    2310    76280   37,8    
    2320    76658   37,7    
    2330    77035   37,6    
    2340    77411   37,5    
    2350    77786   37,4    
    2360    78160   37,3    
    2370    78533   37,2    
    2380    78905   37,0    
    2390    79275   37,0    
    2400    79645   36,8    
    2410    80013   36,7    
    2420    80380   36,6    
    2430    80746   36,5    
    2440    81111   36,4    
    2450    81475   36,2    
    2460    81837   36,1    
    2470    82198   36,0    
    2480    82558   35,8    
    2490    82916   35,8    
    2500    83274   35,5    
    2510    83629   35,5    
    2520    83984   35,3    
    2530    84337   35,2    
    2540    84689   35,0    
    2550    85039   34,9    
    2560    85388   34,7    
    2570    85735   34,6    
    2580    86081   34,4    
    2590    86425   34,3    
    2600    86768   34,1    
    2610    87109   34,0    
    2620    87449   33,8    
    2630    87787   33,6    
    2640    88123   33,5    
    2650    88458   33,3    
                                                                            
   2660    88791   33,2    
   2670    89123   33,0    
   2680    89453   32,8    
   2690    89781   32,6    
   2700    90107   32,4    
   2710    90431   32,3    
   2720    90754   32,1    
   2730    91075   31,9    
   2740    91394   31,7    
   2750    91711   31,5    
   2760    92026   31,3    
   2770    92339   31,2    
   2780    92651   30,9    
   2790    92960   30,7    
   2800    93267   30,6    
   2810    93573   30,3    
   2820    93876   30,1    
   2830    94177   29,9    
   2840    94476   29,7    
   2850    94773   29,4    
   2860    95067   29,3    
   2870    95360   29,0    
   2880    95650   28,8    
   2890    95938   28,6    
   2900    96224   28,3    
   2910    96507   28,1    
   2920    96788   27,9    
   2930    97067   27,6    
   2940    97343   27,4    
   2950    97617   27,1    
   2960    97888   26,8    
   2970    98156   26,6    
   2980    98422   26,4    
   2990    98686   26,1    
   3000    98947   25,8    
   3010    99205   25,6    
   3020    99461   25,2    
   3030    99713   25,0    

3040    99963   24,7  
3050   100210   24,5  
3060   100455   24,1  
3070   100696   23,8  
3080   100934   23,6  
3090   101170   23,2  
3100   101402   22,9  
3110   101631   22,6  
3120   101857   22,3  
3130   102080   21,9  
3140   102299   21,7  
3150   102516   21,2  
3160   102728   21,0  
3170   102938   20,6  
3180   103144   20,2  
3190   103346   19,9  
3200   103545   19,5  
3210   103740   19,1  
3220   103931   18,7  
3230   104118   18,4  
3240   104302   17,9  
3250   104481   17,5  
3260   104656   17,1  
3270   104827   16,7  
3280   104994   16,2  
3290   105156   15,8  
3300   105314   15,3  
3310   105467   14,9  
3320   105616   14,3  
3330   105759   13,8  
3340   105897   13,3  
3350   106030   12,8  
3360   106158   12,1  
3370   106279   11,6  
3380   106395   11,0  
3390   106505   10,3  
3400   106608    9,6  
3410   106704    8,8  

    3420   106792    8,1                                                   
    3430   106873    7,1                                                   
    3440   106944    6,2                                                   
    3450   107006    5,0                                                   
    3460   107056    3,5                                                   
    3470   107091    3,5                                                      
                                                                                                                                    
END                             											
TANK V506                               											                                                           										  						
                                                                            											
       0         6    2,9     											
      10        35    4,6     											
      20        81    5,9     											
      30       140    6,9     											
      40       209    7,8     											
      50       287    8,6     											
      60       373    9,3     											
      70       466   10,1     											
      80       567   10,7     											
      90       674   11,3     											
     100       787   12,0     											
     110       907   12,5     											
     120     1032   13,1     											
     130     1163   13,6     											
     140     1299   14,2     											
     150     1441   14,6     											
     160     1587   15,1     											
     170     1738   15,6     											
     180     1894   16,0     											
     190     2054   16,5     											
     200     2219   16,9     											
     210     2388   17,4     											
     220     2562   17,7     											
     230     2739   18,2     											
     240     2921   18,5     											
     250     3106   19,0     											
     260     3296   19,3     											
     270     3489   19,7     											
     280     3686   20,1     											
     290     3887   20,4     											
     300     4091   20,8     											
     310     4299   21,1     											
     320     4510   21,4     											
     330     4724   21,8     											
     340     4942   22,1     											
     350     5163   22,5     											
     360     5388   22,8     											
     370     5616   23,0     											
     
       380     5846   23,4     
       390     6080   23,7     
       400     6317   24,0     
       410     6557   24,3     
       420     6800   24,5     
       430     7045   24,9     
       440     7294   25,1     
       450     7545   25,4     
       460     7799   25,7     
       470     8056   26,0     
       480     8316   26,2     
       490     8578   26,5     
       500     8843   26,7     
       510     9110   27,0     
       520     9380   27,3     
       530     9653   27,5     
       540     9928   27,7     
       550    10205   28,0     
       560    10485   28,2     
       570    10767   28,5     
       580    11052   28,7     
       590    11339   28,9     
       600    11628   29,1     
       610    11919   29,4     
       620    12213   29,6     
       630    12509   29,8     
       640    12807   30,0     
       650    13107   30,2     
       660    13409   30,5     
       670    13714   30,6     
       680    14020   30,8     
       690    14328   31,1     
       700    14639   31,2     
       710    14951   31,5     
       720    15266   31,6     
       730    15582   31,8     
       740    15900   32,0     
       750    16220   32,2     

 760    16542   32,4
 770    16866   32,5
 780    17191   32,8
 790    17519   32,9
 800    17848   33,1
 810    18179   33,2
 820    18511   33,4
 830    18845   33,6
 840    19181   33,8
 850    19519   33,9
 860    19858   34,0
 870    20198   34,3
 880    20541   34,3
 890    20884   34,6
 900    21230   34,6
 910    21576   34,9
 920    21925   35,0
 930    22275   35,1
 940    22626   35,2
 950    22978   35,4
 960    23332   35,6
 970    23688   35,7
 980    24045   35,8
 990    24403   35,9
1000    24762   36,1
1010    25123   36,2
1020    25485   36,3
1030    25848   36,4
1040    26212   36,6
1050    26578   36,7
1060    26945   36,8
1070    27313   36,9
1080    27682   37,1
1090    28053   37,1
1100    28424   37,3
1110    28797   37,3
1120    29170   37,5
1130    29545   37,6

                                                									
                                                                            											
    1140    29921   37,7    											
    1150    30298   37,7    											
    1160    30675   37,9    											
    1170    31054   38,0    											
    1180    31434   38,1    											
    1190    31815   38,1    											
    1200    32196   38,3    											
    1210    32579   38,3    											
    1220    32962   38,4    											
    1230    33346   38,6    											
    1240    33732   38,6    											
    1250    34118   38,6    											
    1260    34504   38,8    											
    1270    34892   38,8    											
    1280    35280   39,0    											
    1290    35670   39,0    											
    1300    36060   39,0    											
    1310    36450   39,2    											
    1320    36842   39,2    											
    1330    37234   39,3    											
    1340    37627   39,3    											
    1350    38020   39,4    											
    1360    38414   39,5    											
    1370    38809   39,5    											
    1380    39204   39,6    											
    1390    39600   39,7    											
    1400    39997   39,7    											
    1410    40394   39,7    											
    1420    40791   39,8    											
    1430    41189   39,9    											
    1440    41588   39,9    											
    1450    41987   40,0    											
    1460    42387   40,0    											
    1470    42787   40,0    											
    1480    43187   40,1    											
    1490    43588   40,2    											
    1500    43990   40,1    											
    1510    44391   40,2    											
                             											
    1520    44793   40,3                                                                            											
    1530    45196   40,3                    									
    1540    45599   40,3       
    1550    46002   40,3    
    1560    46405   40,4    
    1570    46809   40,4    
    1580    47213   40,4    
    1590    47617   40,4    
    1600    48021   40,5    
    1610    48426   40,5    
    1620    48831   40,5    
    1630    49236   40,5    
    1640    49641   40,6    
    1650    50047   40,5    
    1660    50452   40,6    
    1670    50858   40,6    
    1680    51264   40,6    
    1690    51670   40,6    
    1700    52076   40,6    
    1710    52482   40,6    
    1720    52888   40,6    
    1730    53294   40,6    
    1740    53700   40,6    
    1750    54106   40,6    
    1760    54512   40,6    
    1770    54918   40,6    
    1780    55324   40,6    
    1790    55730   40,5    
    1800    56135   40,6    
    1810    56541   40,6    
    1820    56947   40,5    
    1830    57352   40,5    
    1840    57757   40,5    
    1850    58162   40,5    
    1860    58567   40,5    
    1870    58972   40,4    
    1880    59376   40,4    
    1890    59780   40,4    
                                                   
1900    60184   40,4 
1910    60588   40,3 
1920    60991   40,3 
1930    61394   40,3 
1940    61797   40,2 
1950    62199   40,2 
1960    62601   40,2 
1970    63003   40,1 
1980    63404   40,1 
1990    63805   40,0 
2000    64205   40,0 
2010    64605   40,0 
2020    65005   39,9 
2030    65404   39,8 
2040    65802   39,8 
2050    66200   39,7 
2060    66597   39,7 
2070    66994   39,7 
2080    67391   39,5 
2090    67786   39,6 
2100    68182   39,4 
2110    68576   39,4 
2120    68970   39,3 
2130    69363   39,3 
2140    69756   39,2 
2150    70148   39,1 
2160    70539   39,0 
2170    70929   39,0 
2180    71319   38,9 
2190    71708   38,8 
2200    72096   38,8 
2210    72484   38,6 
2220    72870   38,6 
2230    73256   38,5 
2240    73641   38,4 
2250    74025   38,3 
2260    74408   38,3 
2270    74791   38,1 
                                                                       											
    2280    75172   38,0      										
    2290    75552   38,0      										
    2300    75932   37,8      										
    2310    76310   37,8      										
    2320    76688   37,6      										
    2330    77064   37,6      										
    2340    77440   37,4      										
    2350    77814   37,4      										
    2360    78188   37,2      										
    2370    78560   37,1      										
    2380    78931   37,0      										
    2390    79301   36,9      										
    2400    79670   36,8      										
    2410    80038   36,6      										
    2420    80404   36,6      										
    2430    80770   36,4      										
    2440    81134   36,3      										
    2450    81497   36,1      										
    2460    81858   36,0      										
    2470    82218   36,0      										
    2480    82578   35,7      										
    2490    82935   35,7      										
    2500    83292   35,5      										
    2510    83647   35,3      										
    2520    84000   35,2      										
    2530    84352   35,1      										
    2540    84703   35,0      										
    2550    85053   34,7      										
    2560    85400   34,7      										
    2570    85747   34,5      										
    2580    86092   34,3      										
    2590    86435   34,2      										
    2600    86777   34,0      										
    2610    87117   33,9      										
    2620    87456   33,7      										
    2630    87793   33,5      										
    2640    88128   33,4      										
    2650    88462   33,2      										
           
 2660    88794   33,0   
 2670    89124   32,9   
 2680    89453   32,7   
 2690    89780   32,5   
 2700    90105   32,3   
 2710    90428   32,1   
 2720    90749   32,0   
 2730    91069   31,7   
 2740    91386   31,6   
 2750    91702   31,4   
 2760    92016   31,2   
 2770    92328   31,0   
 2780    92638   30,7   
 2790    92945   30,6   
 2800    93251   30,4   
 2810    93555   30,2   
 2820    93857   29,9   
 2830    94156   29,8   
 2840    94454   29,5   
 2850    94749   29,3   
 2860    95042   29,1   
 2870    95333   28,8   
 2880    95621   28,6   
 2890    95907   28,4   
 2900    96191   28,2   
 2910    96473   27,9   
 2920    96752   27,7   
 2930    97029   27,4   
 2940    97303   27,2   
 2950    97575   26,9   
 2960    97844   26,7   
 2970    98111   26,4   
 2980    98375   26,1   
 2990    98636   25,9   
 3000    98895   25,6   
 3010    99151   25,4   
 3020    99405   25,0   
 3030    99655   24,8   

 3040    99903   24,5  
 3050   100148   24,2  
 3060   100390   23,9  
 3070   100629   23,6  
 3080   100865   23,3  
 3090   101098   23,0  
 3100   101328   22,6  
 3110   101554   22,4  
 3120   101778   22,0  
 3130   101998   21,7  
 3140   102215   21,4  
 3150   102429   21,0  
 3160   102639   20,7  
 3170   102846   20,3  
 3180   103049   20,0  
 3190   103249   19,5  
 3200   103444   19,3  
 3210   103637   18,8  
 3220   103825   18,4  
 3230   104009   18,1  
 3240   104190   17,6  
 3250   104366   17,2  
 3260   104538   16,8  
 3270   104706   16,4  
 3280   104870   15,9  
 3290   105029   15,5  
 3300   105184   14,9  
 3310   105333   14,5  
 3320   105478   14,0  
 3330   105618   13,5  
 3340   105753   12,9  
 3350   105882   12,4  
 3360   106006   11,8  
 3370   106124   11,1  
 3380   106235   10,6  
 3390   106341    9,8  
 3400   106439    9,2  
 3410   106531    8,4  

    								
                                                                            											
    3420   106615    7,5                                                   											
    3430   106690    6,6                                                   											
    3440   106756    5,5                                                   											
    3450   106811    4,3                                                   											
    3460   106854    2,2                                                   											
    3470   106876    2,2                                                      											
                                                                            											
                                                                            											
                                                                            											
    