// set gain to 1.0

02 02 00 FE 00 34 12 2A 0E 12 21 85 01 00 30 30 05 00 00 00 00 00 00 00 00 00 00 00 00 00 00 00 00 00 00 00 00 00 00 00 00 00 00 00 00 00 00 00 00 01 01 00 36 03 
02 02 00 FE 00 0B 16 01 0E 01 00 39 03 02 02 FE 09 00 0B 2A 01 01 05 00 01 03 

// with new board
02 02 00 FE 00 34 12 2A 0E 12 21 85 01 00 30 30 05 00 00 00 00 00 00 00 00 00 00 00 00 00 00 00 00 00 00 00 00 00 00 00 00 00 00 00 00 00 00 00 00 01 01 00 36 03 
02 02 00 FE 00 0B 16 01 0E 01 00 39 03 
02 02 FE 09 00 0B 2A 01 01 05 00 01 03 

02 02 00 FE 00 34 12 2A 0E 12 21 85 01 00 30 30 05 00 00 00 00 00 00 00 00 00 00 00 00 00 00 00 00 00 00 00 00 00 00 00 00 00 00 00 00 00 00 00 00 01 01 00 36 03 
02 02 00 FE 00 0B 16 01 0E 01 00 39 03 
02 02 FE 09 00 0B 2A 01 01 05 00 01 03

// old board
02 02 00 FE 00 34 12 2A 0E 12 21 85 01 00 30 30 05 00 00 00 00 00 00 00 00 00 00 00 00 00 00 00 00 00 00 00 00 00 00 00 00 00 00 00 00 00 00 00 00 01 01 00 36 03 
02 02 00 FE 00 0B 16 01 0E 01 00 39 03 
02 02 FE 0A 00 0B 2A 01 00 05 00 6F 03 

// 25501970

02 02 00 FE 00 34 12 2A 0E 
12 21 85 01 
00 
30 30 
05 00 00 00 00 00 00 00 00 00 00 00 00 00 00 00 00 00 00 00 00 00 00 00 00 00 00 00 00 00 00 00 00 01 01 00 36 03 


// send raw data: 
02 02 00 FE 00 0B 0D 01 00 01 00 C1 03 
02 02 FE 0A 00 46 22 1C 01 04 F3 2C 03 07 00 80 05 07 00 80 07 07 00 80 09 07 00 80 0B 07 00 80 0D 07 00 80 21 1C 00 6C 31 4E 02 0F 1E 3D 04 0F D8 11 06 0F 76 0D 08 0F E2 0D 0A 0F DB 19 0C 0F 1D 16 23 00 05 00 8C 03 

// send measure data
02 02 00 FE 00 0B 0A 01 00 01 00 90 03 
02 02 FE 0A 00 62 1F 2A 01 04 61 1D 1B 42 03 07 00 00 00 00 05 07 00 00 00 00 07 07 00 00 00 00 09 07 00 00 00 00 0B 07 00 00 00 00 0D 07 00 00 00 00 1E 2A 00 6C 00 00 00 00 02 0F 00 00 00 00 04 0F 00 00 00 00 06 0F 00 00 00 00 08 0F 00 00 00 00 0A 0F 00 00 00 00 0C 0F 00 00 00 00 20 00 05 00 32 03 

// send all data
02 02 00 FE 00 0B 0D 01 00 01 00 C1 03 
02 02 FE 0A 00 46 22 1C 01 04 F4 2C 03 07 00 80 05 07 00 80 07 07 00 80 09 07 00 80 0B 07 00 80 0D 07 00 80 21 1C 00 6C 2D 4E 02 0F C0 40 04 0F 5A 10 06 0F EA 0A 08 0F 64 0D 0A 0F 74 1C 0C 0F A8 12 23 00 05 00 8E 03 
02 02 00 FE 00 0B 0A 01 00 01 00 90 03 
02 02 FE 0A 00 62 1F 2A 01 04 58 23 1B 42 03 07 00 00 00 00 05 07 00 00 00 00 07 07 00 00 00 00 09 07 00 00 00 00 0B 07 00 00 00 00 0D 07 00 00 00 00 1E 2A 00 6C 00 00 00 00 02 0F 00 00 00 00 04 0F 00 00 00 00 06 0F 00 00 00 00 08 0F 00 00 00 00 0A 0F 00 00 00 00 0C 0F 00 00 00 00 20 00 05 00 41 03 
02 02 00 FE 00 0B 10 01 00 01 00 51 03 
02 02 FE 0A 00 42 24 38 00 6C 12 3F 01 04 33 31 02 0F C6 01 03 07 03 00 04 0F C6 01 05 07 03 00 06 0F C6 01 07 07 03 00 08 0F C7 01 09 07 03 00 0A 0F C4 01 0B 07 03 00 0C 0F C6 01 0D 07 03 00 05 00 40 03 
02 02 00 FE 00 0B 11 01 00 01 00 9C 03 
02 02 FE 0A 00 34 25 2A 00 6C 20 01 04 20 02 0F 00 03 07 00 04 0F 00 05 07 00 06 0F 00 07 07 00 08 0F 00 09 07 00 0A 0F 00 0B 07 00 0C 0F 00 0D 07 00 05 00 CA 03 

// new board:

// send raw data:
02 02 00 FE 00 0B 10 01 00 01 00 51 03 
02 02 FE 09 00 42 24 38 00 6C 42 4D 01 04 00 00 02 0F 44 00 03 04 00 00 04 0F 2B 00 05 04 00 00 06 0F 35 00 07 04 00 00 08 0F 40 00 09 04 00 00 0A 0F 3D 00 0B 04 00 00 0C 0F 25 00 0D 04 00 00 05 00 3D 03 

// send measure data
02 02 00 FE 00 0B 0D 01 00 01 00 C1 03 
02 02 FE 09 00 46 22 1C 01 04 02 2D 03 07 00 80 05 07 00 80 07 07 00 80 09 07 00 80 0B 07 00 80 0D 07 00 80 21 1C 00 6C 8B 1B 02 0F A8 FF 04 0F 8D FF 06 0F C0 FF 08 0F C2 FF 0A 0F 9E FF 0C 0F BC FF 23 00 05 00 39 03

// Send all data
02 02 00 FE 00 0B 0D 01 00 01 00 C1 03 
02 02 FE 09 00 46 22 1C 01 04 F0 2C 03 07 00 80 05 07 00 80 07 07 00 80 09 07 00 80 0B 07 00 80 0D 07 00 80 21 1C 00 6C DB 5D 02 0F CB FF 04 0F BE FF 06 0F BC FF 08 0F 03 00 0A 0F B6 FF 0C 0F C8 FF 23 00 05 00 B5 03 
02 02 00 FE 00 0B 0A 01 00 01 00 90 03 
02 02 FE 09 00 62 1F 2A 01 04 41 95 15 42 03 07 00 00 00 00 05 07 00 00 00 00 07 07 00 00 00 00 09 07 00 00 00 00 0B 07 00 00 00 00 0D 07 00 00 00 00 1E 2A 00 6C 00 00 00 00 02 0F 00 00 00 00 04 0F 00 00 00 00 06 0F 00 00 00 00 08 0F 00 00 00 00 0A 0F 00 00 00 00 0C 0F 00 00 00 00 20 00 05 00 13 03 
02 02 00 FE 00 0B 10 01 00 01 00 51 03 
02 02 FE 09 00 42 24 38 00 6C 09 44 01 04 B1 36 02 0F 36 00 03 07 F2 FF 04 0F 34 00 05 07 01 00 06 0F 37 00 07 07 F4 FF 08 0F 42 00 09 07 01 00 0A 0F 34 00 0B 07 EE FF 0C 0F 32 00 0D 07 FD FF 05 00 EC 03 
02 02 00 FE 00 0B 11 01 00 01 00 9C 03 
02 02 FE 09 00 34 25 2A 00 6C 20 01 04 20 02 0F 00 03 07 00 04 0F 00 05 07 00 06 0F 00 07 07 00 08 0F 00 09 07 00 0A 0F 00 0B 07 00 0C 0F 00 0D 07 00 05 00 90 03 


// write Seriel Nummer  CDE 18, CDE 22
02 02 00 FE 00 0F 17 05 0E 4C 4F 43 4B 00 20 7B 03 
02 02 FE 09 00 0B 2B 01 01 00 00 33 03 
02 02 00 FE 00 0B 1C 01 0E 00 20 63 03 
02 02 FE 09 00 14 30 0A 0E C5 01 04 01 02 02 02 14 00 00 00 F9 03 
02 02 00 FE 00 0B 11 01 0E 01 20 4B 03 
02 02 FE 09 00 34 25 2A 00 6C 20 01 04 20 02 0F 00 03 07 00 04 0F 00 05 07 00 06 0F 00 07 07 00 08 0F 00 09 07 00 0A 0F 00 0B 07 00 0C 0F 00 0D 07 00 05 00 90 03 

02 02 00 FE 00 0F 17 05 0E 4C 4F 43 4B 00 20 7B 03 
02 02 FE 09 00 0B 2B 01 01 00 00 33 03 
02 02 00 FE 00 0B 1C 01 0E 00 20 63 03 
02 02 FE 09 00 14 30 0A 0E C5 01 04 01 02 02 02 14 00 00 00 F9 03 
02 02 00 FE 00 0B 11 01 0E 01 20 4B 03 
02 02 FE 09 00 34 25 2A 00 6C 20 01 04 20 02 0F 00 03 07 00 04 0F 00 05 07 00 06 0F 00 07 07 00 08 0F 00 09 07 00 0A 0F 00 0B 07 00 0C 0F 00 0D 07 00 05 00 90 03

// test old board ( lock)
02 02 00 FE 00 0F 17 05 0E 4C 4F 43 4B 00 20 7B 03 
02 02 FE 0A 00 0B 2B 01 01 00 00 F6 03 
02 02 00 FE 00 0B 1C 01 0E 00 20 63 03 
02 02 FE 0A 00 14 30 0A 0E 14 09 21 34 04 00 00 74 FC 00 00 42 03 
02 02 00 FE 00 0B 11 01 0E 01 20 4B 03 
02 02 FE 0A 00 34 25 2A 00 00 00 01 00 00 02 00 00 03 00 00 04 00 00 05 00 00 06 00 00 07 00 00 08 00 00 09 00 00 0A 00 00 0B 00 00 0C 00 00 0D 00 00 05 00 62 03 

02 02 00 FE 00 0F 17 05 0E 4C 4F 43 4B 00 20 7B 03 
02 02 FE 0A 00 0B 2B 01 01 00 00 F6 03 
02 02 00 FE 00 0B 1C 01 0E 00 20 63 03 
02 02 FE 0A 00 14 30 0A 0E 14 09 21 34 04 00 00 74 FC 00 00 42 03 
02 02 00 FE 00 0B 11 01 0E 01 20 4B 03 
02 02 FE 0A 00 34 25 2A 00 00 00 01 00 00 02 00 00 03 00 00 04 00 00 05 00 00 06 00 00 07 00 00 08 00 00 09 00 00 0A 00 00 0B 00 00 0C 00 00 0D 00 00 05 00 62 03 

